c CNF
p wcnf 125 912 126
126 -1 -12 0
126 -1 -37 0
126 -1 -42 0
126 -1 -53 0
126 -1 -56 0
126 -1 -67 0
126 -1 -87 0
126 -1 -95 0
126 -1 -106 0
126 -1 -108 0
126 -1 -109 0
126 -1 -118 0
126 -2 -3 0
126 -2 -13 0
126 -2 -15 0
126 -2 -20 0
126 -2 -53 0
126 -2 -55 0
126 -2 -56 0
126 -2 -66 0
126 -2 -75 0
126 -2 -90 0
126 -2 -120 0
126 -3 -16 0
126 -3 -22 0
126 -3 -31 0
126 -3 -34 0
126 -3 -35 0
126 -3 -42 0
126 -3 -56 0
126 -3 -57 0
126 -3 -65 0
126 -3 -80 0
126 -3 -83 0
126 -3 -89 0
126 -3 -94 0
126 -3 -108 0
126 -3 -115 0
126 -3 -117 0
126 -4 -22 0
126 -4 -25 0
126 -4 -31 0
126 -4 -34 0
126 -4 -48 0
126 -4 -68 0
126 -4 -69 0
126 -4 -76 0
126 -4 -77 0
126 -4 -83 0
126 -4 -85 0
126 -4 -93 0
126 -5 -20 0
126 -5 -22 0
126 -5 -23 0
126 -5 -27 0
126 -5 -28 0
126 -5 -33 0
126 -5 -38 0
126 -5 -74 0
126 -5 -84 0
126 -5 -95 0
126 -5 -97 0
126 -5 -108 0
126 -6 -14 0
126 -6 -15 0
126 -6 -31 0
126 -6 -65 0
126 -6 -70 0
126 -6 -78 0
126 -6 -83 0
126 -6 -104 0
126 -6 -105 0
126 -6 -114 0
126 -6 -125 0
126 -7 -14 0
126 -7 -30 0
126 -7 -58 0
126 -7 -78 0
126 -7 -81 0
126 -7 -86 0
126 -7 -108 0
126 -8 -12 0
126 -8 -40 0
126 -8 -44 0
126 -8 -58 0
126 -8 -110 0
126 -8 -113 0
126 -8 -121 0
126 -9 -12 0
126 -9 -26 0
126 -9 -32 0
126 -9 -46 0
126 -9 -64 0
126 -9 -69 0
126 -9 -74 0
126 -9 -88 0
126 -9 -108 0
126 -9 -116 0
126 -9 -124 0
126 -10 -20 0
126 -10 -29 0
126 -10 -33 0
126 -10 -34 0
126 -10 -54 0
126 -10 -71 0
126 -10 -83 0
126 -10 -95 0
126 -10 -118 0
126 -10 -121 0
126 -11 -15 0
126 -11 -26 0
126 -11 -51 0
126 -11 -59 0
126 -11 -86 0
126 -11 -97 0
126 -11 -112 0
126 -11 -124 0
126 -12 -15 0
126 -12 -33 0
126 -12 -43 0
126 -12 -68 0
126 -12 -76 0
126 -12 -78 0
126 -12 -84 0
126 -12 -88 0
126 -12 -89 0
126 -12 -92 0
126 -12 -102 0
126 -12 -104 0
126 -12 -114 0
126 -13 -14 0
126 -13 -48 0
126 -13 -65 0
126 -13 -71 0
126 -13 -78 0
126 -13 -84 0
126 -13 -88 0
126 -13 -102 0
126 -13 -108 0
126 -13 -121 0
126 -13 -124 0
126 -14 -28 0
126 -14 -35 0
126 -14 -42 0
126 -14 -63 0
126 -14 -64 0
126 -14 -71 0
126 -14 -73 0
126 -14 -87 0
126 -14 -89 0
126 -14 -93 0
126 -14 -106 0
126 -14 -108 0
126 -15 -32 0
126 -15 -38 0
126 -15 -51 0
126 -15 -57 0
126 -15 -67 0
126 -15 -71 0
126 -15 -75 0
126 -15 -77 0
126 -15 -79 0
126 -15 -94 0
126 -15 -96 0
126 -15 -109 0
126 -15 -119 0
126 -15 -124 0
126 -16 -21 0
126 -16 -23 0
126 -16 -25 0
126 -16 -29 0
126 -16 -40 0
126 -16 -44 0
126 -16 -53 0
126 -16 -64 0
126 -16 -68 0
126 -16 -72 0
126 -16 -74 0
126 -16 -76 0
126 -16 -80 0
126 -16 -89 0
126 -16 -101 0
126 -16 -103 0
126 -16 -112 0
126 -17 -30 0
126 -17 -33 0
126 -17 -42 0
126 -17 -43 0
126 -17 -50 0
126 -17 -56 0
126 -17 -60 0
126 -17 -64 0
126 -17 -68 0
126 -17 -72 0
126 -17 -83 0
126 -17 -88 0
126 -17 -97 0
126 -17 -102 0
126 -17 -111 0
126 -17 -116 0
126 -18 -27 0
126 -18 -30 0
126 -18 -52 0
126 -18 -57 0
126 -18 -62 0
126 -18 -65 0
126 -18 -102 0
126 -18 -104 0
126 -18 -113 0
126 -19 -20 0
126 -19 -60 0
126 -19 -61 0
126 -19 -83 0
126 -19 -106 0
126 -19 -113 0
126 -19 -124 0
126 -20 -35 0
126 -20 -70 0
126 -20 -74 0
126 -20 -91 0
126 -20 -94 0
126 -20 -100 0
126 -20 -107 0
126 -20 -108 0
126 -20 -113 0
126 -21 -24 0
126 -21 -25 0
126 -21 -27 0
126 -21 -30 0
126 -21 -38 0
126 -21 -57 0
126 -21 -62 0
126 -21 -66 0
126 -21 -71 0
126 -21 -78 0
126 -21 -85 0
126 -21 -86 0
126 -21 -102 0
126 -21 -110 0
126 -22 -23 0
126 -22 -31 0
126 -22 -37 0
126 -22 -61 0
126 -22 -91 0
126 -22 -106 0
126 -22 -121 0
126 -23 -25 0
126 -23 -32 0
126 -23 -41 0
126 -23 -50 0
126 -23 -69 0
126 -23 -70 0
126 -23 -95 0
126 -23 -100 0
126 -23 -102 0
126 -23 -107 0
126 -24 -62 0
126 -24 -78 0
126 -24 -83 0
126 -24 -91 0
126 -24 -97 0
126 -24 -111 0
126 -24 -114 0
126 -24 -120 0
126 -25 -28 0
126 -25 -35 0
126 -25 -38 0
126 -25 -42 0
126 -25 -63 0
126 -25 -64 0
126 -25 -78 0
126 -26 -27 0
126 -26 -37 0
126 -26 -52 0
126 -26 -56 0
126 -26 -72 0
126 -26 -79 0
126 -26 -83 0
126 -26 -95 0
126 -26 -97 0
126 -26 -98 0
126 -26 -113 0
126 -27 -31 0
126 -27 -44 0
126 -27 -50 0
126 -27 -57 0
126 -27 -62 0
126 -27 -74 0
126 -27 -93 0
126 -27 -116 0
126 -27 -125 0
126 -28 -31 0
126 -28 -38 0
126 -28 -48 0
126 -28 -64 0
126 -28 -72 0
126 -28 -76 0
126 -28 -79 0
126 -28 -85 0
126 -28 -96 0
126 -28 -108 0
126 -28 -112 0
126 -29 -46 0
126 -29 -53 0
126 -29 -73 0
126 -29 -76 0
126 -29 -78 0
126 -29 -106 0
126 -30 -44 0
126 -30 -50 0
126 -30 -54 0
126 -30 -68 0
126 -30 -71 0
126 -30 -108 0
126 -30 -113 0
126 -31 -73 0
126 -31 -76 0
126 -31 -87 0
126 -31 -89 0
126 -31 -94 0
126 -31 -111 0
126 -32 -34 0
126 -32 -51 0
126 -32 -62 0
126 -32 -63 0
126 -32 -67 0
126 -32 -68 0
126 -32 -75 0
126 -32 -82 0
126 -32 -108 0
126 -32 -117 0
126 -32 -120 0
126 -33 -36 0
126 -33 -71 0
126 -33 -77 0
126 -33 -86 0
126 -33 -89 0
126 -33 -91 0
126 -33 -94 0
126 -33 -107 0
126 -33 -108 0
126 -33 -115 0
126 -33 -116 0
126 -33 -124 0
126 -34 -42 0
126 -34 -58 0
126 -34 -62 0
126 -34 -64 0
126 -34 -75 0
126 -34 -118 0
126 -35 -61 0
126 -35 -76 0
126 -35 -79 0
126 -35 -81 0
126 -35 -90 0
126 -35 -94 0
126 -35 -115 0
126 -35 -120 0
126 -36 -50 0
126 -36 -51 0
126 -36 -56 0
126 -36 -60 0
126 -36 -61 0
126 -36 -71 0
126 -36 -73 0
126 -36 -75 0
126 -36 -78 0
126 -36 -79 0
126 -36 -81 0
126 -36 -85 0
126 -36 -88 0
126 -36 -90 0
126 -36 -91 0
126 -36 -97 0
126 -36 -100 0
126 -36 -103 0
126 -36 -105 0
126 -36 -109 0
126 -36 -122 0
126 -37 -40 0
126 -37 -41 0
126 -37 -43 0
126 -37 -48 0
126 -37 -75 0
126 -37 -88 0
126 -37 -95 0
126 -37 -98 0
126 -37 -103 0
126 -37 -110 0
126 -38 -46 0
126 -38 -51 0
126 -38 -76 0
126 -38 -98 0
126 -38 -99 0
126 -38 -104 0
126 -38 -105 0
126 -38 -108 0
126 -38 -112 0
126 -38 -113 0
126 -39 -56 0
126 -39 -59 0
126 -39 -76 0
126 -39 -77 0
126 -39 -82 0
126 -39 -84 0
126 -39 -106 0
126 -39 -117 0
126 -39 -122 0
126 -40 -73 0
126 -40 -74 0
126 -40 -75 0
126 -40 -85 0
126 -40 -112 0
126 -41 -49 0
126 -41 -55 0
126 -41 -70 0
126 -41 -102 0
126 -41 -108 0
126 -41 -111 0
126 -41 -116 0
126 -41 -124 0
126 -41 -125 0
126 -42 -46 0
126 -42 -51 0
126 -42 -61 0
126 -42 -63 0
126 -42 -81 0
126 -42 -82 0
126 -42 -83 0
126 -42 -107 0
126 -42 -113 0
126 -42 -115 0
126 -42 -122 0
126 -42 -123 0
126 -43 -65 0
126 -43 -70 0
126 -43 -71 0
126 -43 -73 0
126 -43 -92 0
126 -43 -93 0
126 -43 -113 0
126 -43 -119 0
126 -43 -121 0
126 -43 -125 0
126 -44 -53 0
126 -44 -56 0
126 -44 -57 0
126 -44 -90 0
126 -44 -97 0
126 -44 -109 0
126 -44 -119 0
126 -44 -124 0
126 -45 -76 0
126 -45 -81 0
126 -45 -93 0
126 -45 -94 0
126 -45 -111 0
126 -45 -112 0
126 -46 -47 0
126 -46 -50 0
126 -46 -52 0
126 -46 -83 0
126 -46 -99 0
126 -46 -105 0
126 -46 -121 0
126 -47 -61 0
126 -47 -62 0
126 -47 -82 0
126 -47 -83 0
126 -47 -84 0
126 -47 -99 0
126 -47 -100 0
126 -47 -103 0
126 -48 -51 0
126 -48 -52 0
126 -48 -55 0
126 -48 -57 0
126 -48 -95 0
126 -48 -103 0
126 -48 -109 0
126 -49 -57 0
126 -49 -59 0
126 -49 -69 0
126 -49 -87 0
126 -49 -100 0
126 -49 -105 0
126 -49 -109 0
126 -50 -58 0
126 -50 -76 0
126 -50 -79 0
126 -50 -82 0
126 -50 -88 0
126 -50 -89 0
126 -50 -93 0
126 -50 -101 0
126 -50 -102 0
126 -50 -107 0
126 -51 -63 0
126 -51 -69 0
126 -51 -73 0
126 -51 -74 0
126 -51 -81 0
126 -51 -89 0
126 -51 -95 0
126 -51 -102 0
126 -51 -103 0
126 -51 -113 0
126 -51 -120 0
126 -51 -125 0
126 -52 -61 0
126 -52 -71 0
126 -52 -72 0
126 -52 -92 0
126 -52 -97 0
126 -52 -102 0
126 -52 -116 0
126 -53 -55 0
126 -53 -57 0
126 -53 -76 0
126 -53 -81 0
126 -53 -84 0
126 -53 -91 0
126 -53 -121 0
126 -53 -122 0
126 -54 -91 0
126 -54 -94 0
126 -54 -119 0
126 -55 -56 0
126 -55 -63 0
126 -55 -74 0
126 -55 -81 0
126 -55 -83 0
126 -55 -87 0
126 -55 -95 0
126 -55 -100 0
126 -55 -116 0
126 -55 -119 0
126 -55 -120 0
126 -56 -66 0
126 -56 -84 0
126 -56 -93 0
126 -56 -106 0
126 -56 -113 0
126 -57 -74 0
126 -57 -103 0
126 -57 -118 0
126 -58 -80 0
126 -58 -90 0
126 -58 -98 0
126 -58 -105 0
126 -58 -107 0
126 -58 -108 0
126 -58 -122 0
126 -58 -124 0
126 -59 -65 0
126 -59 -73 0
126 -59 -75 0
126 -59 -98 0
126 -59 -100 0
126 -59 -107 0
126 -59 -122 0
126 -60 -92 0
126 -60 -98 0
126 -61 -66 0
126 -61 -79 0
126 -61 -80 0
126 -61 -83 0
126 -61 -95 0
126 -61 -116 0
126 -61 -120 0
126 -62 -68 0
126 -62 -88 0
126 -62 -93 0
126 -62 -97 0
126 -62 -112 0
126 -62 -117 0
126 -63 -74 0
126 -63 -77 0
126 -63 -79 0
126 -63 -88 0
126 -63 -90 0
126 -63 -95 0
126 -63 -101 0
126 -63 -102 0
126 -63 -115 0
126 -64 -80 0
126 -64 -84 0
126 -64 -85 0
126 -64 -86 0
126 -64 -88 0
126 -64 -93 0
126 -64 -100 0
126 -64 -110 0
126 -64 -113 0
126 -64 -114 0
126 -64 -115 0
126 -65 -72 0
126 -65 -81 0
126 -65 -111 0
126 -65 -121 0
126 -66 -74 0
126 -66 -90 0
126 -66 -92 0
126 -66 -95 0
126 -66 -97 0
126 -66 -100 0
126 -66 -108 0
126 -66 -115 0
126 -66 -123 0
126 -67 -87 0
126 -67 -94 0
126 -67 -107 0
126 -67 -115 0
126 -67 -124 0
126 -68 -73 0
126 -68 -78 0
126 -68 -81 0
126 -68 -88 0
126 -68 -89 0
126 -68 -105 0
126 -68 -106 0
126 -68 -113 0
126 -68 -120 0
126 -69 -83 0
126 -69 -85 0
126 -69 -94 0
126 -69 -100 0
126 -69 -103 0
126 -69 -116 0
126 -69 -121 0
126 -70 -84 0
126 -70 -94 0
126 -70 -107 0
126 -70 -112 0
126 -71 -75 0
126 -71 -88 0
126 -71 -100 0
126 -71 -103 0
126 -72 -75 0
126 -72 -76 0
126 -72 -101 0
126 -72 -103 0
126 -72 -122 0
126 -72 -123 0
126 -73 -79 0
126 -73 -82 0
126 -73 -86 0
126 -73 -90 0
126 -73 -93 0
126 -73 -95 0
126 -73 -96 0
126 -73 -108 0
126 -73 -117 0
126 -73 -122 0
126 -75 -76 0
126 -75 -79 0
126 -75 -81 0
126 -75 -90 0
126 -75 -97 0
126 -75 -103 0
126 -75 -108 0
126 -75 -112 0
126 -75 -113 0
126 -75 -118 0
126 -76 -80 0
126 -76 -83 0
126 -76 -89 0
126 -76 -110 0
126 -76 -117 0
126 -76 -119 0
126 -77 -90 0
126 -77 -100 0
126 -77 -105 0
126 -77 -107 0
126 -77 -120 0
126 -78 -90 0
126 -78 -105 0
126 -78 -112 0
126 -78 -119 0
126 -78 -121 0
126 -79 -108 0
126 -79 -118 0
126 -80 -92 0
126 -81 -84 0
126 -81 -87 0
126 -81 -112 0
126 -81 -114 0
126 -81 -124 0
126 -82 -89 0
126 -82 -94 0
126 -82 -97 0
126 -82 -99 0
126 -83 -86 0
126 -83 -91 0
126 -83 -100 0
126 -83 -103 0
126 -83 -106 0
126 -83 -113 0
126 -83 -125 0
126 -84 -90 0
126 -84 -107 0
126 -84 -122 0
126 -85 -89 0
126 -85 -109 0
126 -85 -112 0
126 -85 -124 0
126 -86 -88 0
126 -86 -117 0
126 -86 -120 0
126 -86 -123 0
126 -87 -88 0
126 -87 -92 0
126 -87 -93 0
126 -87 -96 0
126 -87 -103 0
126 -87 -116 0
126 -87 -124 0
126 -88 -92 0
126 -88 -116 0
126 -88 -120 0
126 -88 -121 0
126 -89 -96 0
126 -89 -112 0
126 -89 -121 0
126 -90 -91 0
126 -90 -93 0
126 -90 -97 0
126 -90 -105 0
126 -90 -110 0
126 -90 -116 0
126 -90 -122 0
126 -91 -113 0
126 -91 -120 0
126 -91 -123 0
126 -92 -97 0
126 -92 -120 0
126 -93 -109 0
126 -93 -116 0
126 -94 -96 0
126 -94 -97 0
126 -94 -106 0
126 -94 -108 0
126 -94 -115 0
126 -94 -123 0
126 -95 -98 0
126 -95 -99 0
126 -95 -119 0
126 -95 -122 0
126 -95 -125 0
126 -96 -100 0
126 -96 -101 0
126 -96 -109 0
126 -96 -115 0
126 -96 -119 0
126 -97 -116 0
126 -97 -117 0
126 -97 -118 0
126 -98 -123 0
126 -99 -102 0
126 -99 -109 0
126 -100 -118 0
126 -100 -125 0
126 -101 -104 0
126 -101 -112 0
126 -102 -110 0
126 -102 -120 0
126 -102 -123 0
126 -103 -105 0
126 -103 -106 0
126 -103 -109 0
126 -104 -105 0
126 -105 -112 0
126 -105 -117 0
126 -105 -122 0
126 -106 -121 0
126 -106 -122 0
126 -107 -118 0
126 -107 -124 0
126 -108 -115 0
126 -109 -118 0
126 -113 -117 0
126 -113 -123 0
126 -115 -119 0
126 -116 -118 0
126 -116 -123 0
126 -117 -118 0
126 -117 -119 0
1 1 0
1 2 0
1 3 0
1 4 0
1 5 0
1 6 0
1 7 0
1 8 0
1 9 0
1 10 0
1 11 0
1 12 0
1 13 0
1 14 0
1 15 0
1 16 0
1 17 0
1 18 0
1 19 0
1 20 0
1 21 0
1 22 0
1 23 0
1 24 0
1 25 0
1 26 0
1 27 0
1 28 0
1 29 0
1 30 0
1 31 0
1 32 0
1 33 0
1 34 0
1 35 0
1 36 0
1 37 0
1 38 0
1 39 0
1 40 0
1 41 0
1 42 0
1 43 0
1 44 0
1 45 0
1 46 0
1 47 0
1 48 0
1 49 0
1 50 0
1 51 0
1 52 0
1 53 0
1 54 0
1 55 0
1 56 0
1 57 0
1 58 0
1 59 0
1 60 0
1 61 0
1 62 0
1 63 0
1 64 0
1 65 0
1 66 0
1 67 0
1 68 0
1 69 0
1 70 0
1 71 0
1 72 0
1 73 0
1 74 0
1 75 0
1 76 0
1 77 0
1 78 0
1 79 0
1 80 0
1 81 0
1 82 0
1 83 0
1 84 0
1 85 0
1 86 0
1 87 0
1 88 0
1 89 0
1 90 0
1 91 0
1 92 0
1 93 0
1 94 0
1 95 0
1 96 0
1 97 0
1 98 0
1 99 0
1 100 0
1 101 0
1 102 0
1 103 0
1 104 0
1 105 0
1 106 0
1 107 0
1 108 0
1 109 0
1 110 0
1 111 0
1 112 0
1 113 0
1 114 0
1 115 0
1 116 0
1 117 0
1 118 0
1 119 0
1 120 0
1 121 0
1 122 0
1 123 0
1 124 0
1 125 0
