c CNF
p wcnf 250 3391 251
251 -1 -3 0
251 -1 -4 0
251 -1 -24 0
251 -1 -31 0
251 -1 -37 0
251 -1 -38 0
251 -1 -40 0
251 -1 -48 0
251 -1 -62 0
251 -1 -64 0
251 -1 -70 0
251 -1 -78 0
251 -1 -79 0
251 -1 -85 0
251 -1 -88 0
251 -1 -89 0
251 -1 -92 0
251 -1 -101 0
251 -1 -107 0
251 -1 -162 0
251 -1 -163 0
251 -1 -166 0
251 -1 -190 0
251 -1 -200 0
251 -1 -202 0
251 -1 -213 0
251 -1 -222 0
251 -1 -232 0
251 -1 -241 0
251 -2 -16 0
251 -2 -18 0
251 -2 -26 0
251 -2 -28 0
251 -2 -35 0
251 -2 -45 0
251 -2 -48 0
251 -2 -59 0
251 -2 -60 0
251 -2 -67 0
251 -2 -68 0
251 -2 -72 0
251 -2 -84 0
251 -2 -98 0
251 -2 -104 0
251 -2 -105 0
251 -2 -117 0
251 -2 -121 0
251 -2 -122 0
251 -2 -126 0
251 -2 -130 0
251 -2 -132 0
251 -2 -134 0
251 -2 -145 0
251 -2 -155 0
251 -2 -158 0
251 -2 -172 0
251 -2 -174 0
251 -2 -176 0
251 -2 -177 0
251 -2 -183 0
251 -2 -185 0
251 -2 -186 0
251 -2 -191 0
251 -2 -200 0
251 -2 -209 0
251 -2 -210 0
251 -2 -244 0
251 -3 -7 0
251 -3 -15 0
251 -3 -17 0
251 -3 -28 0
251 -3 -33 0
251 -3 -38 0
251 -3 -44 0
251 -3 -89 0
251 -3 -120 0
251 -3 -125 0
251 -3 -127 0
251 -3 -130 0
251 -3 -164 0
251 -3 -166 0
251 -3 -175 0
251 -3 -179 0
251 -3 -193 0
251 -3 -194 0
251 -3 -200 0
251 -3 -206 0
251 -3 -213 0
251 -3 -223 0
251 -3 -236 0
251 -3 -242 0
251 -4 -9 0
251 -4 -15 0
251 -4 -20 0
251 -4 -32 0
251 -4 -34 0
251 -4 -56 0
251 -4 -61 0
251 -4 -76 0
251 -4 -111 0
251 -4 -114 0
251 -4 -136 0
251 -4 -140 0
251 -4 -143 0
251 -4 -167 0
251 -4 -174 0
251 -4 -176 0
251 -4 -178 0
251 -4 -192 0
251 -4 -211 0
251 -4 -235 0
251 -4 -236 0
251 -4 -240 0
251 -4 -243 0
251 -5 -10 0
251 -5 -11 0
251 -5 -15 0
251 -5 -19 0
251 -5 -20 0
251 -5 -22 0
251 -5 -26 0
251 -5 -48 0
251 -5 -53 0
251 -5 -56 0
251 -5 -79 0
251 -5 -90 0
251 -5 -98 0
251 -5 -102 0
251 -5 -123 0
251 -5 -126 0
251 -5 -135 0
251 -5 -139 0
251 -5 -141 0
251 -5 -151 0
251 -5 -167 0
251 -5 -171 0
251 -5 -193 0
251 -5 -196 0
251 -5 -198 0
251 -5 -209 0
251 -5 -225 0
251 -5 -232 0
251 -5 -236 0
251 -5 -238 0
251 -5 -241 0
251 -5 -245 0
251 -6 -7 0
251 -6 -34 0
251 -6 -39 0
251 -6 -45 0
251 -6 -52 0
251 -6 -101 0
251 -6 -107 0
251 -6 -143 0
251 -6 -164 0
251 -6 -173 0
251 -6 -175 0
251 -6 -205 0
251 -6 -208 0
251 -6 -233 0
251 -6 -236 0
251 -7 -32 0
251 -7 -44 0
251 -7 -48 0
251 -7 -61 0
251 -7 -87 0
251 -7 -95 0
251 -7 -97 0
251 -7 -99 0
251 -7 -104 0
251 -7 -109 0
251 -7 -110 0
251 -7 -126 0
251 -7 -128 0
251 -7 -131 0
251 -7 -141 0
251 -7 -151 0
251 -7 -153 0
251 -7 -163 0
251 -7 -166 0
251 -7 -168 0
251 -7 -174 0
251 -7 -175 0
251 -7 -190 0
251 -7 -222 0
251 -7 -226 0
251 -7 -227 0
251 -7 -231 0
251 -7 -236 0
251 -8 -9 0
251 -8 -62 0
251 -8 -74 0
251 -8 -88 0
251 -8 -89 0
251 -8 -109 0
251 -8 -133 0
251 -8 -134 0
251 -8 -143 0
251 -8 -148 0
251 -8 -156 0
251 -8 -159 0
251 -8 -190 0
251 -8 -211 0
251 -8 -219 0
251 -8 -226 0
251 -8 -229 0
251 -8 -233 0
251 -8 -237 0
251 -9 -28 0
251 -9 -30 0
251 -9 -49 0
251 -9 -52 0
251 -9 -61 0
251 -9 -70 0
251 -9 -90 0
251 -9 -93 0
251 -9 -98 0
251 -9 -137 0
251 -9 -147 0
251 -9 -155 0
251 -9 -160 0
251 -9 -165 0
251 -9 -204 0
251 -9 -208 0
251 -9 -226 0
251 -9 -236 0
251 -9 -239 0
251 -9 -245 0
251 -9 -249 0
251 -10 -31 0
251 -10 -41 0
251 -10 -45 0
251 -10 -53 0
251 -10 -60 0
251 -10 -70 0
251 -10 -71 0
251 -10 -77 0
251 -10 -81 0
251 -10 -98 0
251 -10 -99 0
251 -10 -106 0
251 -10 -119 0
251 -10 -120 0
251 -10 -136 0
251 -10 -155 0
251 -10 -167 0
251 -10 -169 0
251 -10 -175 0
251 -10 -180 0
251 -10 -187 0
251 -10 -196 0
251 -10 -221 0
251 -10 -240 0
251 -11 -15 0
251 -11 -31 0
251 -11 -41 0
251 -11 -43 0
251 -11 -59 0
251 -11 -60 0
251 -11 -74 0
251 -11 -82 0
251 -11 -89 0
251 -11 -114 0
251 -11 -120 0
251 -11 -122 0
251 -11 -123 0
251 -11 -126 0
251 -11 -130 0
251 -11 -133 0
251 -11 -145 0
251 -11 -154 0
251 -11 -155 0
251 -11 -159 0
251 -11 -168 0
251 -11 -174 0
251 -11 -177 0
251 -11 -194 0
251 -11 -197 0
251 -11 -200 0
251 -11 -207 0
251 -11 -211 0
251 -11 -217 0
251 -11 -220 0
251 -11 -237 0
251 -11 -249 0
251 -12 -27 0
251 -12 -37 0
251 -12 -40 0
251 -12 -42 0
251 -12 -43 0
251 -12 -48 0
251 -12 -59 0
251 -12 -72 0
251 -12 -73 0
251 -12 -79 0
251 -12 -87 0
251 -12 -89 0
251 -12 -93 0
251 -12 -106 0
251 -12 -127 0
251 -12 -140 0
251 -12 -153 0
251 -12 -162 0
251 -12 -164 0
251 -12 -169 0
251 -12 -171 0
251 -12 -186 0
251 -12 -189 0
251 -12 -193 0
251 -12 -198 0
251 -12 -219 0
251 -12 -223 0
251 -12 -225 0
251 -12 -238 0
251 -12 -243 0
251 -12 -244 0
251 -12 -246 0
251 -13 -42 0
251 -13 -47 0
251 -13 -64 0
251 -13 -70 0
251 -13 -79 0
251 -13 -88 0
251 -13 -103 0
251 -13 -104 0
251 -13 -109 0
251 -13 -112 0
251 -13 -113 0
251 -13 -116 0
251 -13 -126 0
251 -13 -145 0
251 -13 -161 0
251 -13 -163 0
251 -13 -165 0
251 -13 -173 0
251 -13 -198 0
251 -13 -202 0
251 -13 -203 0
251 -13 -212 0
251 -13 -213 0
251 -13 -229 0
251 -13 -235 0
251 -13 -239 0
251 -13 -245 0
251 -14 -17 0
251 -14 -25 0
251 -14 -34 0
251 -14 -37 0
251 -14 -45 0
251 -14 -58 0
251 -14 -68 0
251 -14 -72 0
251 -14 -86 0
251 -14 -103 0
251 -14 -104 0
251 -14 -110 0
251 -14 -111 0
251 -14 -114 0
251 -14 -120 0
251 -14 -122 0
251 -14 -127 0
251 -14 -144 0
251 -14 -146 0
251 -14 -169 0
251 -14 -173 0
251 -14 -179 0
251 -14 -191 0
251 -14 -194 0
251 -14 -199 0
251 -14 -220 0
251 -14 -224 0
251 -14 -226 0
251 -14 -228 0
251 -14 -236 0
251 -14 -243 0
251 -14 -244 0
251 -14 -245 0
251 -15 -17 0
251 -15 -31 0
251 -15 -34 0
251 -15 -37 0
251 -15 -53 0
251 -15 -54 0
251 -15 -89 0
251 -15 -101 0
251 -15 -119 0
251 -15 -128 0
251 -15 -148 0
251 -15 -153 0
251 -15 -161 0
251 -15 -167 0
251 -15 -176 0
251 -15 -179 0
251 -15 -200 0
251 -15 -202 0
251 -15 -203 0
251 -15 -208 0
251 -15 -218 0
251 -15 -222 0
251 -15 -246 0
251 -15 -249 0
251 -16 -26 0
251 -16 -40 0
251 -16 -48 0
251 -16 -55 0
251 -16 -61 0
251 -16 -64 0
251 -16 -67 0
251 -16 -71 0
251 -16 -73 0
251 -16 -85 0
251 -16 -86 0
251 -16 -111 0
251 -16 -112 0
251 -16 -118 0
251 -16 -125 0
251 -16 -126 0
251 -16 -140 0
251 -16 -142 0
251 -16 -156 0
251 -16 -162 0
251 -16 -166 0
251 -16 -189 0
251 -16 -211 0
251 -16 -225 0
251 -16 -226 0
251 -16 -231 0
251 -16 -249 0
251 -17 -18 0
251 -17 -30 0
251 -17 -48 0
251 -17 -51 0
251 -17 -62 0
251 -17 -81 0
251 -17 -120 0
251 -17 -147 0
251 -17 -152 0
251 -17 -156 0
251 -17 -163 0
251 -17 -171 0
251 -17 -178 0
251 -17 -207 0
251 -17 -222 0
251 -17 -244 0
251 -18 -20 0
251 -18 -22 0
251 -18 -26 0
251 -18 -39 0
251 -18 -54 0
251 -18 -58 0
251 -18 -70 0
251 -18 -77 0
251 -18 -97 0
251 -18 -103 0
251 -18 -105 0
251 -18 -106 0
251 -18 -119 0
251 -18 -127 0
251 -18 -143 0
251 -18 -150 0
251 -18 -157 0
251 -18 -161 0
251 -18 -175 0
251 -18 -203 0
251 -18 -225 0
251 -18 -238 0
251 -18 -249 0
251 -19 -21 0
251 -19 -25 0
251 -19 -34 0
251 -19 -35 0
251 -19 -37 0
251 -19 -77 0
251 -19 -78 0
251 -19 -92 0
251 -19 -95 0
251 -19 -103 0
251 -19 -121 0
251 -19 -137 0
251 -19 -139 0
251 -19 -141 0
251 -19 -143 0
251 -19 -149 0
251 -19 -150 0
251 -19 -151 0
251 -19 -156 0
251 -19 -166 0
251 -19 -167 0
251 -19 -184 0
251 -19 -189 0
251 -19 -193 0
251 -19 -199 0
251 -19 -201 0
251 -19 -212 0
251 -19 -237 0
251 -19 -239 0
251 -19 -241 0
251 -20 -53 0
251 -20 -72 0
251 -20 -73 0
251 -20 -94 0
251 -20 -104 0
251 -20 -118 0
251 -20 -122 0
251 -20 -127 0
251 -20 -134 0
251 -20 -137 0
251 -20 -154 0
251 -20 -164 0
251 -20 -178 0
251 -20 -193 0
251 -20 -213 0
251 -20 -216 0
251 -20 -230 0
251 -20 -234 0
251 -20 -236 0
251 -20 -247 0
251 -21 -25 0
251 -21 -27 0
251 -21 -28 0
251 -21 -35 0
251 -21 -43 0
251 -21 -51 0
251 -21 -67 0
251 -21 -69 0
251 -21 -74 0
251 -21 -80 0
251 -21 -89 0
251 -21 -98 0
251 -21 -103 0
251 -21 -130 0
251 -21 -170 0
251 -21 -172 0
251 -21 -184 0
251 -21 -206 0
251 -21 -209 0
251 -21 -217 0
251 -21 -219 0
251 -21 -220 0
251 -21 -224 0
251 -21 -226 0
251 -21 -230 0
251 -21 -231 0
251 -21 -243 0
251 -21 -245 0
251 -21 -246 0
251 -22 -49 0
251 -22 -51 0
251 -22 -57 0
251 -22 -80 0
251 -22 -82 0
251 -22 -100 0
251 -22 -101 0
251 -22 -104 0
251 -22 -118 0
251 -22 -120 0
251 -22 -138 0
251 -22 -140 0
251 -22 -143 0
251 -22 -167 0
251 -22 -171 0
251 -22 -182 0
251 -22 -185 0
251 -22 -197 0
251 -22 -198 0
251 -22 -206 0
251 -22 -223 0
251 -22 -232 0
251 -22 -239 0
251 -22 -243 0
251 -23 -46 0
251 -23 -58 0
251 -23 -64 0
251 -23 -81 0
251 -23 -84 0
251 -23 -96 0
251 -23 -97 0
251 -23 -124 0
251 -23 -131 0
251 -23 -169 0
251 -23 -176 0
251 -23 -190 0
251 -23 -198 0
251 -23 -209 0
251 -23 -210 0
251 -23 -224 0
251 -23 -228 0
251 -23 -229 0
251 -23 -241 0
251 -23 -247 0
251 -24 -38 0
251 -24 -66 0
251 -24 -67 0
251 -24 -89 0
251 -24 -95 0
251 -24 -96 0
251 -24 -101 0
251 -24 -103 0
251 -24 -104 0
251 -24 -118 0
251 -24 -119 0
251 -24 -124 0
251 -24 -141 0
251 -24 -147 0
251 -24 -152 0
251 -24 -160 0
251 -24 -171 0
251 -24 -173 0
251 -24 -184 0
251 -24 -186 0
251 -24 -198 0
251 -24 -199 0
251 -24 -210 0
251 -24 -218 0
251 -24 -220 0
251 -24 -223 0
251 -24 -243 0
251 -25 -32 0
251 -25 -38 0
251 -25 -47 0
251 -25 -63 0
251 -25 -71 0
251 -25 -74 0
251 -25 -83 0
251 -25 -88 0
251 -25 -100 0
251 -25 -111 0
251 -25 -114 0
251 -25 -120 0
251 -25 -127 0
251 -25 -134 0
251 -25 -135 0
251 -25 -148 0
251 -25 -157 0
251 -25 -166 0
251 -25 -182 0
251 -25 -189 0
251 -25 -191 0
251 -25 -201 0
251 -25 -204 0
251 -25 -210 0
251 -25 -236 0
251 -26 -68 0
251 -26 -69 0
251 -26 -79 0
251 -26 -93 0
251 -26 -94 0
251 -26 -98 0
251 -26 -119 0
251 -26 -137 0
251 -26 -139 0
251 -26 -159 0
251 -26 -164 0
251 -26 -167 0
251 -26 -182 0
251 -26 -188 0
251 -26 -199 0
251 -26 -250 0
251 -27 -28 0
251 -27 -31 0
251 -27 -38 0
251 -27 -46 0
251 -27 -71 0
251 -27 -89 0
251 -27 -95 0
251 -27 -103 0
251 -27 -106 0
251 -27 -113 0
251 -27 -144 0
251 -27 -155 0
251 -27 -156 0
251 -27 -166 0
251 -27 -183 0
251 -27 -201 0
251 -27 -214 0
251 -27 -215 0
251 -27 -220 0
251 -27 -221 0
251 -27 -223 0
251 -27 -228 0
251 -28 -47 0
251 -28 -50 0
251 -28 -57 0
251 -28 -58 0
251 -28 -60 0
251 -28 -66 0
251 -28 -67 0
251 -28 -77 0
251 -28 -82 0
251 -28 -105 0
251 -28 -112 0
251 -28 -121 0
251 -28 -136 0
251 -28 -140 0
251 -28 -158 0
251 -28 -164 0
251 -28 -184 0
251 -28 -207 0
251 -28 -225 0
251 -28 -237 0
251 -28 -241 0
251 -28 -246 0
251 -28 -248 0
251 -29 -34 0
251 -29 -46 0
251 -29 -57 0
251 -29 -76 0
251 -29 -88 0
251 -29 -117 0
251 -29 -122 0
251 -29 -131 0
251 -29 -168 0
251 -29 -182 0
251 -29 -187 0
251 -29 -199 0
251 -29 -207 0
251 -29 -208 0
251 -29 -215 0
251 -29 -226 0
251 -29 -249 0
251 -29 -250 0
251 -30 -43 0
251 -30 -54 0
251 -30 -56 0
251 -30 -67 0
251 -30 -78 0
251 -30 -79 0
251 -30 -91 0
251 -30 -95 0
251 -30 -124 0
251 -30 -125 0
251 -30 -150 0
251 -30 -204 0
251 -30 -209 0
251 -30 -217 0
251 -30 -220 0
251 -31 -33 0
251 -31 -38 0
251 -31 -40 0
251 -31 -54 0
251 -31 -57 0
251 -31 -64 0
251 -31 -66 0
251 -31 -68 0
251 -31 -79 0
251 -31 -101 0
251 -31 -123 0
251 -31 -159 0
251 -31 -167 0
251 -31 -198 0
251 -31 -206 0
251 -31 -215 0
251 -31 -233 0
251 -31 -234 0
251 -31 -237 0
251 -32 -33 0
251 -32 -40 0
251 -32 -49 0
251 -32 -100 0
251 -32 -102 0
251 -32 -130 0
251 -32 -132 0
251 -32 -134 0
251 -32 -136 0
251 -32 -147 0
251 -32 -150 0
251 -32 -157 0
251 -32 -182 0
251 -32 -188 0
251 -32 -198 0
251 -32 -200 0
251 -32 -205 0
251 -32 -214 0
251 -32 -217 0
251 -32 -219 0
251 -32 -221 0
251 -33 -40 0
251 -33 -43 0
251 -33 -56 0
251 -33 -59 0
251 -33 -84 0
251 -33 -101 0
251 -33 -104 0
251 -33 -110 0
251 -33 -113 0
251 -33 -114 0
251 -33 -122 0
251 -33 -142 0
251 -33 -153 0
251 -33 -177 0
251 -33 -180 0
251 -33 -182 0
251 -33 -186 0
251 -33 -192 0
251 -33 -199 0
251 -33 -209 0
251 -33 -230 0
251 -33 -236 0
251 -33 -243 0
251 -34 -36 0
251 -34 -47 0
251 -34 -53 0
251 -34 -68 0
251 -34 -74 0
251 -34 -75 0
251 -34 -79 0
251 -34 -85 0
251 -34 -93 0
251 -34 -100 0
251 -34 -102 0
251 -34 -109 0
251 -34 -110 0
251 -34 -120 0
251 -34 -132 0
251 -34 -166 0
251 -34 -167 0
251 -34 -168 0
251 -34 -173 0
251 -34 -185 0
251 -34 -188 0
251 -34 -194 0
251 -34 -215 0
251 -34 -222 0
251 -34 -232 0
251 -34 -234 0
251 -34 -244 0
251 -35 -38 0
251 -35 -54 0
251 -35 -57 0
251 -35 -101 0
251 -35 -104 0
251 -35 -128 0
251 -35 -143 0
251 -35 -154 0
251 -35 -166 0
251 -35 -172 0
251 -35 -181 0
251 -35 -190 0
251 -35 -206 0
251 -35 -210 0
251 -35 -226 0
251 -35 -230 0
251 -35 -245 0
251 -36 -52 0
251 -36 -58 0
251 -36 -60 0
251 -36 -62 0
251 -36 -65 0
251 -36 -72 0
251 -36 -74 0
251 -36 -79 0
251 -36 -97 0
251 -36 -123 0
251 -36 -132 0
251 -36 -135 0
251 -36 -138 0
251 -36 -156 0
251 -36 -159 0
251 -36 -162 0
251 -36 -169 0
251 -36 -170 0
251 -36 -185 0
251 -36 -188 0
251 -36 -193 0
251 -36 -199 0
251 -36 -220 0
251 -36 -237 0
251 -36 -238 0
251 -36 -247 0
251 -36 -249 0
251 -37 -44 0
251 -37 -57 0
251 -37 -75 0
251 -37 -76 0
251 -37 -109 0
251 -37 -113 0
251 -37 -120 0
251 -37 -130 0
251 -37 -135 0
251 -37 -139 0
251 -37 -146 0
251 -37 -151 0
251 -37 -154 0
251 -37 -156 0
251 -37 -158 0
251 -37 -167 0
251 -37 -172 0
251 -37 -178 0
251 -37 -193 0
251 -37 -211 0
251 -37 -215 0
251 -37 -220 0
251 -37 -248 0
251 -38 -41 0
251 -38 -44 0
251 -38 -45 0
251 -38 -52 0
251 -38 -63 0
251 -38 -68 0
251 -38 -82 0
251 -38 -96 0
251 -38 -100 0
251 -38 -121 0
251 -38 -122 0
251 -38 -128 0
251 -38 -131 0
251 -38 -142 0
251 -38 -164 0
251 -38 -165 0
251 -38 -180 0
251 -38 -186 0
251 -38 -192 0
251 -38 -205 0
251 -38 -207 0
251 -38 -249 0
251 -39 -51 0
251 -39 -67 0
251 -39 -87 0
251 -39 -92 0
251 -39 -105 0
251 -39 -107 0
251 -39 -121 0
251 -39 -141 0
251 -39 -145 0
251 -39 -176 0
251 -39 -183 0
251 -39 -187 0
251 -39 -188 0
251 -39 -201 0
251 -39 -204 0
251 -39 -215 0
251 -39 -220 0
251 -39 -222 0
251 -39 -226 0
251 -39 -231 0
251 -40 -54 0
251 -40 -65 0
251 -40 -71 0
251 -40 -72 0
251 -40 -79 0
251 -40 -84 0
251 -40 -97 0
251 -40 -99 0
251 -40 -117 0
251 -40 -147 0
251 -40 -160 0
251 -40 -163 0
251 -40 -176 0
251 -40 -183 0
251 -40 -212 0
251 -40 -227 0
251 -40 -237 0
251 -41 -54 0
251 -41 -59 0
251 -41 -60 0
251 -41 -81 0
251 -41 -82 0
251 -41 -133 0
251 -41 -137 0
251 -41 -154 0
251 -41 -205 0
251 -41 -206 0
251 -41 -213 0
251 -41 -232 0
251 -41 -233 0
251 -41 -247 0
251 -41 -250 0
251 -42 -45 0
251 -42 -58 0
251 -42 -61 0
251 -42 -62 0
251 -42 -78 0
251 -42 -80 0
251 -42 -82 0
251 -42 -95 0
251 -42 -111 0
251 -42 -117 0
251 -42 -120 0
251 -42 -124 0
251 -42 -136 0
251 -42 -147 0
251 -42 -152 0
251 -42 -154 0
251 -42 -161 0
251 -42 -185 0
251 -42 -198 0
251 -42 -206 0
251 -42 -209 0
251 -42 -212 0
251 -42 -217 0
251 -42 -236 0
251 -42 -250 0
251 -43 -82 0
251 -43 -93 0
251 -43 -106 0
251 -43 -111 0
251 -43 -114 0
251 -43 -121 0
251 -43 -122 0
251 -43 -123 0
251 -43 -129 0
251 -43 -139 0
251 -43 -140 0
251 -43 -156 0
251 -43 -159 0
251 -43 -178 0
251 -43 -182 0
251 -43 -185 0
251 -43 -194 0
251 -43 -200 0
251 -43 -203 0
251 -43 -213 0
251 -43 -216 0
251 -43 -217 0
251 -43 -230 0
251 -43 -239 0
251 -43 -240 0
251 -44 -49 0
251 -44 -52 0
251 -44 -81 0
251 -44 -87 0
251 -44 -94 0
251 -44 -118 0
251 -44 -123 0
251 -44 -128 0
251 -44 -146 0
251 -44 -158 0
251 -44 -162 0
251 -44 -169 0
251 -44 -176 0
251 -44 -198 0
251 -44 -206 0
251 -44 -207 0
251 -44 -217 0
251 -44 -242 0
251 -44 -248 0
251 -45 -51 0
251 -45 -55 0
251 -45 -73 0
251 -45 -77 0
251 -45 -91 0
251 -45 -106 0
251 -45 -111 0
251 -45 -126 0
251 -45 -134 0
251 -45 -149 0
251 -45 -151 0
251 -45 -153 0
251 -45 -173 0
251 -45 -221 0
251 -45 -226 0
251 -45 -243 0
251 -46 -55 0
251 -46 -61 0
251 -46 -67 0
251 -46 -68 0
251 -46 -73 0
251 -46 -114 0
251 -46 -123 0
251 -46 -130 0
251 -46 -136 0
251 -46 -137 0
251 -46 -139 0
251 -46 -147 0
251 -46 -157 0
251 -46 -177 0
251 -46 -193 0
251 -46 -210 0
251 -46 -217 0
251 -46 -220 0
251 -46 -246 0
251 -47 -54 0
251 -47 -72 0
251 -47 -73 0
251 -47 -88 0
251 -47 -105 0
251 -47 -115 0
251 -47 -116 0
251 -47 -132 0
251 -47 -133 0
251 -47 -136 0
251 -47 -138 0
251 -47 -143 0
251 -47 -144 0
251 -47 -147 0
251 -47 -148 0
251 -47 -175 0
251 -47 -179 0
251 -47 -190 0
251 -47 -196 0
251 -47 -201 0
251 -47 -225 0
251 -47 -234 0
251 -47 -242 0
251 -48 -52 0
251 -48 -59 0
251 -48 -74 0
251 -48 -76 0
251 -48 -96 0
251 -48 -112 0
251 -48 -136 0
251 -48 -141 0
251 -48 -151 0
251 -48 -154 0
251 -48 -162 0
251 -48 -170 0
251 -48 -194 0
251 -48 -208 0
251 -48 -214 0
251 -48 -217 0
251 -48 -236 0
251 -48 -247 0
251 -49 -81 0
251 -49 -83 0
251 -49 -87 0
251 -49 -88 0
251 -49 -108 0
251 -49 -124 0
251 -49 -129 0
251 -49 -145 0
251 -49 -154 0
251 -49 -155 0
251 -49 -161 0
251 -49 -167 0
251 -49 -177 0
251 -49 -180 0
251 -49 -193 0
251 -49 -212 0
251 -49 -217 0
251 -49 -227 0
251 -49 -240 0
251 -49 -247 0
251 -49 -249 0
251 -50 -54 0
251 -50 -56 0
251 -50 -67 0
251 -50 -71 0
251 -50 -88 0
251 -50 -89 0
251 -50 -96 0
251 -50 -107 0
251 -50 -129 0
251 -50 -130 0
251 -50 -133 0
251 -50 -153 0
251 -50 -155 0
251 -50 -157 0
251 -50 -203 0
251 -50 -207 0
251 -50 -211 0
251 -50 -215 0
251 -50 -219 0
251 -50 -235 0
251 -51 -58 0
251 -51 -71 0
251 -51 -73 0
251 -51 -78 0
251 -51 -86 0
251 -51 -96 0
251 -51 -148 0
251 -51 -158 0
251 -51 -174 0
251 -51 -182 0
251 -51 -186 0
251 -51 -188 0
251 -51 -192 0
251 -51 -195 0
251 -51 -208 0
251 -51 -213 0
251 -51 -228 0
251 -51 -244 0
251 -52 -57 0
251 -52 -59 0
251 -52 -62 0
251 -52 -64 0
251 -52 -66 0
251 -52 -87 0
251 -52 -107 0
251 -52 -116 0
251 -52 -131 0
251 -52 -137 0
251 -52 -142 0
251 -52 -146 0
251 -52 -154 0
251 -52 -155 0
251 -52 -161 0
251 -52 -163 0
251 -52 -167 0
251 -52 -190 0
251 -52 -192 0
251 -52 -194 0
251 -52 -226 0
251 -52 -240 0
251 -52 -245 0
251 -52 -249 0
251 -53 -91 0
251 -53 -109 0
251 -53 -111 0
251 -53 -120 0
251 -53 -127 0
251 -53 -128 0
251 -53 -157 0
251 -53 -158 0
251 -53 -167 0
251 -53 -197 0
251 -53 -211 0
251 -53 -213 0
251 -53 -224 0
251 -53 -244 0
251 -53 -245 0
251 -53 -248 0
251 -54 -55 0
251 -54 -58 0
251 -54 -69 0
251 -54 -93 0
251 -54 -108 0
251 -54 -124 0
251 -54 -126 0
251 -54 -132 0
251 -54 -145 0
251 -54 -147 0
251 -54 -153 0
251 -54 -181 0
251 -54 -187 0
251 -54 -207 0
251 -54 -211 0
251 -54 -223 0
251 -54 -231 0
251 -54 -235 0
251 -54 -245 0
251 -54 -248 0
251 -55 -67 0
251 -55 -73 0
251 -55 -74 0
251 -55 -75 0
251 -55 -101 0
251 -55 -137 0
251 -55 -144 0
251 -55 -150 0
251 -55 -162 0
251 -55 -171 0
251 -55 -176 0
251 -55 -182 0
251 -55 -184 0
251 -55 -187 0
251 -55 -207 0
251 -55 -217 0
251 -55 -221 0
251 -55 -244 0
251 -55 -249 0
251 -56 -64 0
251 -56 -69 0
251 -56 -104 0
251 -56 -107 0
251 -56 -115 0
251 -56 -118 0
251 -56 -125 0
251 -56 -132 0
251 -56 -149 0
251 -56 -152 0
251 -56 -162 0
251 -56 -169 0
251 -56 -175 0
251 -56 -184 0
251 -56 -190 0
251 -56 -195 0
251 -56 -200 0
251 -56 -206 0
251 -56 -237 0
251 -56 -249 0
251 -56 -250 0
251 -57 -82 0
251 -57 -89 0
251 -57 -108 0
251 -57 -118 0
251 -57 -134 0
251 -57 -136 0
251 -57 -137 0
251 -57 -138 0
251 -57 -148 0
251 -57 -153 0
251 -57 -158 0
251 -57 -168 0
251 -57 -175 0
251 -57 -181 0
251 -57 -184 0
251 -57 -201 0
251 -57 -205 0
251 -57 -208 0
251 -57 -219 0
251 -58 -59 0
251 -58 -67 0
251 -58 -74 0
251 -58 -75 0
251 -58 -78 0
251 -58 -88 0
251 -58 -101 0
251 -58 -108 0
251 -58 -148 0
251 -58 -164 0
251 -58 -172 0
251 -58 -180 0
251 -58 -211 0
251 -58 -229 0
251 -58 -237 0
251 -58 -240 0
251 -58 -248 0
251 -59 -63 0
251 -59 -70 0
251 -59 -72 0
251 -59 -81 0
251 -59 -82 0
251 -59 -85 0
251 -59 -110 0
251 -59 -129 0
251 -59 -163 0
251 -59 -186 0
251 -59 -213 0
251 -59 -217 0
251 -59 -226 0
251 -59 -227 0
251 -60 -66 0
251 -60 -88 0
251 -60 -91 0
251 -60 -95 0
251 -60 -97 0
251 -60 -98 0
251 -60 -101 0
251 -60 -117 0
251 -60 -121 0
251 -60 -155 0
251 -60 -159 0
251 -60 -164 0
251 -60 -178 0
251 -60 -187 0
251 -60 -191 0
251 -60 -205 0
251 -60 -233 0
251 -60 -239 0
251 -60 -243 0
251 -60 -248 0
251 -61 -66 0
251 -61 -75 0
251 -61 -88 0
251 -61 -103 0
251 -61 -133 0
251 -61 -169 0
251 -61 -180 0
251 -61 -188 0
251 -61 -193 0
251 -61 -198 0
251 -61 -207 0
251 -61 -214 0
251 -61 -216 0
251 -61 -219 0
251 -61 -232 0
251 -61 -234 0
251 -61 -236 0
251 -61 -241 0
251 -62 -68 0
251 -62 -70 0
251 -62 -81 0
251 -62 -85 0
251 -62 -92 0
251 -62 -94 0
251 -62 -107 0
251 -62 -112 0
251 -62 -142 0
251 -62 -143 0
251 -62 -146 0
251 -62 -154 0
251 -62 -157 0
251 -62 -166 0
251 -62 -212 0
251 -62 -231 0
251 -62 -233 0
251 -62 -236 0
251 -62 -240 0
251 -62 -243 0
251 -63 -71 0
251 -63 -91 0
251 -63 -110 0
251 -63 -116 0
251 -63 -140 0
251 -63 -170 0
251 -63 -187 0
251 -63 -192 0
251 -63 -193 0
251 -63 -228 0
251 -63 -240 0
251 -63 -246 0
251 -64 -70 0
251 -64 -71 0
251 -64 -82 0
251 -64 -118 0
251 -64 -124 0
251 -64 -131 0
251 -64 -137 0
251 -64 -169 0
251 -64 -201 0
251 -64 -203 0
251 -64 -244 0
251 -64 -245 0
251 -65 -72 0
251 -65 -79 0
251 -65 -94 0
251 -65 -95 0
251 -65 -97 0
251 -65 -105 0
251 -65 -129 0
251 -65 -142 0
251 -65 -161 0
251 -65 -183 0
251 -65 -185 0
251 -65 -190 0
251 -65 -203 0
251 -65 -209 0
251 -65 -221 0
251 -65 -227 0
251 -65 -241 0
251 -65 -242 0
251 -66 -70 0
251 -66 -72 0
251 -66 -80 0
251 -66 -81 0
251 -66 -89 0
251 -66 -120 0
251 -66 -121 0
251 -66 -124 0
251 -66 -132 0
251 -66 -151 0
251 -66 -196 0
251 -66 -216 0
251 -67 -70 0
251 -67 -78 0
251 -67 -96 0
251 -67 -98 0
251 -67 -166 0
251 -67 -170 0
251 -67 -182 0
251 -67 -185 0
251 -67 -194 0
251 -67 -197 0
251 -67 -200 0
251 -67 -201 0
251 -67 -208 0
251 -67 -213 0
251 -67 -216 0
251 -67 -227 0
251 -67 -243 0
251 -68 -74 0
251 -68 -90 0
251 -68 -91 0
251 -68 -93 0
251 -68 -101 0
251 -68 -106 0
251 -68 -113 0
251 -68 -121 0
251 -68 -124 0
251 -68 -127 0
251 -68 -133 0
251 -68 -141 0
251 -68 -178 0
251 -68 -183 0
251 -68 -186 0
251 -68 -202 0
251 -68 -203 0
251 -68 -205 0
251 -68 -218 0
251 -68 -220 0
251 -68 -222 0
251 -69 -96 0
251 -69 -113 0
251 -69 -123 0
251 -69 -125 0
251 -69 -127 0
251 -69 -136 0
251 -69 -146 0
251 -69 -155 0
251 -69 -167 0
251 -69 -171 0
251 -69 -178 0
251 -69 -195 0
251 -69 -197 0
251 -69 -209 0
251 -69 -212 0
251 -69 -223 0
251 -69 -231 0
251 -69 -236 0
251 -70 -78 0
251 -70 -81 0
251 -70 -88 0
251 -70 -107 0
251 -70 -109 0
251 -70 -112 0
251 -70 -124 0
251 -70 -132 0
251 -70 -140 0
251 -70 -153 0
251 -70 -185 0
251 -70 -222 0
251 -70 -231 0
251 -70 -237 0
251 -70 -242 0
251 -70 -243 0
251 -71 -77 0
251 -71 -80 0
251 -71 -90 0
251 -71 -117 0
251 -71 -120 0
251 -71 -131 0
251 -71 -137 0
251 -71 -142 0
251 -71 -159 0
251 -71 -182 0
251 -71 -189 0
251 -71 -194 0
251 -71 -196 0
251 -71 -205 0
251 -71 -206 0
251 -71 -209 0
251 -71 -210 0
251 -71 -225 0
251 -71 -227 0
251 -71 -236 0
251 -72 -101 0
251 -72 -110 0
251 -72 -127 0
251 -72 -130 0
251 -72 -141 0
251 -72 -148 0
251 -72 -170 0
251 -72 -224 0
251 -72 -236 0
251 -72 -237 0
251 -72 -238 0
251 -72 -244 0
251 -72 -245 0
251 -72 -249 0
251 -73 -76 0
251 -73 -92 0
251 -73 -93 0
251 -73 -103 0
251 -73 -108 0
251 -73 -112 0
251 -73 -114 0
251 -73 -119 0
251 -73 -121 0
251 -73 -153 0
251 -73 -176 0
251 -73 -186 0
251 -73 -187 0
251 -73 -188 0
251 -73 -201 0
251 -73 -208 0
251 -73 -209 0
251 -73 -210 0
251 -73 -237 0
251 -73 -249 0
251 -74 -77 0
251 -74 -80 0
251 -74 -88 0
251 -74 -90 0
251 -74 -112 0
251 -74 -130 0
251 -74 -140 0
251 -74 -143 0
251 -74 -151 0
251 -74 -152 0
251 -74 -158 0
251 -74 -162 0
251 -74 -175 0
251 -74 -178 0
251 -74 -186 0
251 -74 -194 0
251 -74 -204 0
251 -74 -221 0
251 -74 -242 0
251 -74 -249 0
251 -75 -83 0
251 -75 -89 0
251 -75 -90 0
251 -75 -100 0
251 -75 -117 0
251 -75 -132 0
251 -75 -133 0
251 -75 -136 0
251 -75 -139 0
251 -75 -141 0
251 -75 -166 0
251 -75 -168 0
251 -75 -171 0
251 -75 -176 0
251 -75 -185 0
251 -75 -192 0
251 -75 -194 0
251 -75 -200 0
251 -75 -208 0
251 -75 -219 0
251 -75 -221 0
251 -75 -233 0
251 -75 -245 0
251 -76 -77 0
251 -76 -96 0
251 -76 -100 0
251 -76 -109 0
251 -76 -130 0
251 -76 -137 0
251 -76 -158 0
251 -76 -160 0
251 -76 -163 0
251 -76 -179 0
251 -76 -182 0
251 -76 -190 0
251 -76 -193 0
251 -76 -208 0
251 -76 -232 0
251 -76 -243 0
251 -76 -247 0
251 -77 -84 0
251 -77 -85 0
251 -77 -88 0
251 -77 -91 0
251 -77 -98 0
251 -77 -100 0
251 -77 -102 0
251 -77 -129 0
251 -77 -132 0
251 -77 -134 0
251 -77 -135 0
251 -77 -149 0
251 -77 -157 0
251 -77 -187 0
251 -77 -207 0
251 -77 -208 0
251 -77 -217 0
251 -77 -220 0
251 -77 -238 0
251 -78 -89 0
251 -78 -101 0
251 -78 -125 0
251 -78 -133 0
251 -78 -140 0
251 -78 -141 0
251 -78 -142 0
251 -78 -150 0
251 -78 -163 0
251 -78 -169 0
251 -78 -233 0
251 -78 -237 0
251 -78 -241 0
251 -79 -82 0
251 -79 -84 0
251 -79 -95 0
251 -79 -99 0
251 -79 -101 0
251 -79 -108 0
251 -79 -128 0
251 -79 -146 0
251 -79 -163 0
251 -79 -169 0
251 -79 -179 0
251 -79 -187 0
251 -79 -190 0
251 -79 -209 0
251 -79 -214 0
251 -79 -215 0
251 -79 -218 0
251 -79 -225 0
251 -79 -249 0
251 -80 -86 0
251 -80 -90 0
251 -80 -119 0
251 -80 -128 0
251 -80 -132 0
251 -80 -152 0
251 -80 -155 0
251 -80 -163 0
251 -80 -183 0
251 -80 -197 0
251 -80 -207 0
251 -80 -208 0
251 -80 -217 0
251 -80 -222 0
251 -80 -228 0
251 -80 -231 0
251 -80 -236 0
251 -80 -244 0
251 -80 -245 0
251 -80 -248 0
251 -80 -249 0
251 -81 -84 0
251 -81 -85 0
251 -81 -91 0
251 -81 -97 0
251 -81 -112 0
251 -81 -131 0
251 -81 -138 0
251 -81 -142 0
251 -81 -143 0
251 -81 -149 0
251 -81 -161 0
251 -81 -171 0
251 -81 -172 0
251 -81 -189 0
251 -81 -194 0
251 -81 -198 0
251 -81 -199 0
251 -81 -212 0
251 -81 -250 0
251 -82 -111 0
251 -82 -120 0
251 -82 -123 0
251 -82 -138 0
251 -82 -163 0
251 -82 -164 0
251 -82 -171 0
251 -82 -217 0
251 -82 -234 0
251 -82 -249 0
251 -82 -250 0
251 -83 -84 0
251 -83 -94 0
251 -83 -105 0
251 -83 -109 0
251 -83 -116 0
251 -83 -126 0
251 -83 -137 0
251 -83 -154 0
251 -83 -163 0
251 -83 -168 0
251 -83 -171 0
251 -83 -179 0
251 -83 -210 0
251 -83 -227 0
251 -83 -246 0
251 -83 -247 0
251 -83 -248 0
251 -83 -249 0
251 -84 -107 0
251 -84 -130 0
251 -84 -132 0
251 -84 -135 0
251 -84 -155 0
251 -84 -156 0
251 -84 -169 0
251 -84 -188 0
251 -84 -205 0
251 -84 -206 0
251 -84 -216 0
251 -84 -233 0
251 -84 -238 0
251 -85 -93 0
251 -85 -98 0
251 -85 -100 0
251 -85 -110 0
251 -85 -115 0
251 -85 -132 0
251 -85 -162 0
251 -85 -163 0
251 -85 -168 0
251 -85 -173 0
251 -85 -177 0
251 -85 -217 0
251 -85 -222 0
251 -85 -224 0
251 -85 -232 0
251 -85 -233 0
251 -86 -87 0
251 -86 -99 0
251 -86 -103 0
251 -86 -109 0
251 -86 -110 0
251 -86 -116 0
251 -86 -141 0
251 -86 -147 0
251 -86 -149 0
251 -86 -157 0
251 -86 -169 0
251 -86 -182 0
251 -86 -192 0
251 -86 -207 0
251 -86 -219 0
251 -86 -231 0
251 -87 -91 0
251 -87 -117 0
251 -87 -119 0
251 -87 -156 0
251 -87 -169 0
251 -87 -170 0
251 -87 -172 0
251 -87 -187 0
251 -87 -192 0
251 -87 -193 0
251 -87 -194 0
251 -87 -204 0
251 -87 -221 0
251 -88 -102 0
251 -88 -121 0
251 -88 -124 0
251 -88 -129 0
251 -88 -144 0
251 -88 -182 0
251 -88 -190 0
251 -88 -223 0
251 -88 -230 0
251 -89 -116 0
251 -89 -122 0
251 -89 -129 0
251 -89 -130 0
251 -89 -135 0
251 -89 -148 0
251 -89 -170 0
251 -89 -171 0
251 -89 -185 0
251 -89 -186 0
251 -89 -217 0
251 -89 -224 0
251 -89 -231 0
251 -89 -232 0
251 -89 -237 0
251 -89 -241 0
251 -90 -101 0
251 -90 -119 0
251 -90 -125 0
251 -90 -141 0
251 -90 -164 0
251 -90 -178 0
251 -90 -180 0
251 -90 -188 0
251 -90 -199 0
251 -90 -204 0
251 -90 -209 0
251 -90 -211 0
251 -90 -218 0
251 -90 -231 0
251 -91 -101 0
251 -91 -110 0
251 -91 -113 0
251 -91 -117 0
251 -91 -118 0
251 -91 -137 0
251 -91 -145 0
251 -91 -162 0
251 -91 -177 0
251 -91 -197 0
251 -91 -198 0
251 -91 -203 0
251 -91 -206 0
251 -91 -216 0
251 -91 -220 0
251 -91 -226 0
251 -91 -231 0
251 -91 -234 0
251 -91 -235 0
251 -91 -237 0
251 -91 -241 0
251 -92 -106 0
251 -92 -119 0
251 -92 -125 0
251 -92 -126 0
251 -92 -151 0
251 -92 -159 0
251 -92 -171 0
251 -92 -175 0
251 -92 -179 0
251 -92 -196 0
251 -92 -202 0
251 -92 -206 0
251 -92 -222 0
251 -92 -236 0
251 -92 -239 0
251 -92 -245 0
251 -92 -246 0
251 -92 -248 0
251 -93 -100 0
251 -93 -102 0
251 -93 -103 0
251 -93 -116 0
251 -93 -118 0
251 -93 -131 0
251 -93 -149 0
251 -93 -158 0
251 -93 -160 0
251 -93 -164 0
251 -93 -175 0
251 -93 -184 0
251 -93 -188 0
251 -93 -193 0
251 -93 -208 0
251 -93 -215 0
251 -93 -221 0
251 -93 -222 0
251 -93 -243 0
251 -94 -105 0
251 -94 -108 0
251 -94 -134 0
251 -94 -144 0
251 -94 -145 0
251 -94 -170 0
251 -94 -188 0
251 -94 -207 0
251 -94 -208 0
251 -94 -216 0
251 -94 -219 0
251 -95 -134 0
251 -95 -141 0
251 -95 -153 0
251 -95 -160 0
251 -95 -167 0
251 -95 -179 0
251 -95 -184 0
251 -95 -213 0
251 -95 -217 0
251 -95 -220 0
251 -95 -223 0
251 -95 -229 0
251 -95 -238 0
251 -95 -239 0
251 -95 -241 0
251 -95 -243 0
251 -96 -108 0
251 -96 -130 0
251 -96 -156 0
251 -96 -172 0
251 -96 -178 0
251 -96 -187 0
251 -96 -200 0
251 -96 -216 0
251 -96 -230 0
251 -96 -231 0
251 -97 -112 0
251 -97 -141 0
251 -97 -143 0
251 -97 -145 0
251 -97 -166 0
251 -97 -170 0
251 -97 -173 0
251 -97 -180 0
251 -97 -206 0
251 -97 -222 0
251 -97 -240 0
251 -97 -244 0
251 -97 -245 0
251 -97 -248 0
251 -98 -112 0
251 -98 -122 0
251 -98 -128 0
251 -98 -131 0
251 -98 -132 0
251 -98 -136 0
251 -98 -155 0
251 -98 -173 0
251 -98 -185 0
251 -98 -188 0
251 -98 -189 0
251 -98 -191 0
251 -98 -199 0
251 -98 -201 0
251 -98 -247 0
251 -98 -249 0
251 -99 -106 0
251 -99 -112 0
251 -99 -114 0
251 -99 -130 0
251 -99 -135 0
251 -99 -145 0
251 -99 -149 0
251 -99 -155 0
251 -99 -172 0
251 -99 -175 0
251 -99 -178 0
251 -99 -184 0
251 -99 -187 0
251 -99 -189 0
251 -99 -194 0
251 -99 -202 0
251 -99 -230 0
251 -100 -129 0
251 -100 -138 0
251 -100 -187 0
251 -100 -191 0
251 -100 -193 0
251 -100 -203 0
251 -100 -204 0
251 -100 -216 0
251 -100 -229 0
251 -100 -231 0
251 -100 -232 0
251 -100 -233 0
251 -100 -240 0
251 -100 -242 0
251 -100 -249 0
251 -101 -144 0
251 -101 -155 0
251 -101 -165 0
251 -101 -176 0
251 -101 -183 0
251 -101 -198 0
251 -101 -213 0
251 -101 -220 0
251 -101 -227 0
251 -101 -232 0
251 -101 -236 0
251 -101 -249 0
251 -102 -113 0
251 -102 -115 0
251 -102 -120 0
251 -102 -137 0
251 -102 -145 0
251 -102 -206 0
251 -102 -213 0
251 -102 -217 0
251 -102 -219 0
251 -102 -223 0
251 -102 -227 0
251 -102 -233 0
251 -102 -237 0
251 -102 -238 0
251 -102 -239 0
251 -102 -245 0
251 -103 -136 0
251 -103 -154 0
251 -103 -160 0
251 -103 -163 0
251 -103 -175 0
251 -103 -183 0
251 -103 -189 0
251 -103 -196 0
251 -103 -214 0
251 -103 -217 0
251 -103 -223 0
251 -103 -225 0
251 -103 -231 0
251 -103 -235 0
251 -103 -250 0
251 -104 -112 0
251 -104 -122 0
251 -104 -123 0
251 -104 -126 0
251 -104 -135 0
251 -104 -138 0
251 -104 -181 0
251 -104 -187 0
251 -104 -192 0
251 -104 -196 0
251 -104 -199 0
251 -104 -210 0
251 -104 -214 0
251 -104 -228 0
251 -104 -238 0
251 -104 -240 0
251 -104 -244 0
251 -105 -119 0
251 -105 -123 0
251 -105 -133 0
251 -105 -149 0
251 -105 -156 0
251 -105 -169 0
251 -105 -186 0
251 -105 -205 0
251 -105 -208 0
251 -105 -224 0
251 -105 -231 0
251 -105 -238 0
251 -105 -240 0
251 -106 -118 0
251 -106 -119 0
251 -106 -145 0
251 -106 -161 0
251 -106 -166 0
251 -106 -168 0
251 -106 -169 0
251 -106 -171 0
251 -106 -178 0
251 -106 -184 0
251 -106 -208 0
251 -106 -214 0
251 -106 -215 0
251 -106 -217 0
251 -106 -247 0
251 -107 -134 0
251 -107 -138 0
251 -107 -163 0
251 -107 -167 0
251 -107 -178 0
251 -107 -200 0
251 -107 -201 0
251 -107 -212 0
251 -107 -216 0
251 -107 -220 0
251 -107 -234 0
251 -107 -239 0
251 -107 -246 0
251 -107 -247 0
251 -108 -116 0
251 -108 -128 0
251 -108 -139 0
251 -108 -140 0
251 -108 -169 0
251 -108 -174 0
251 -108 -176 0
251 -108 -179 0
251 -108 -182 0
251 -108 -188 0
251 -108 -189 0
251 -108 -213 0
251 -108 -229 0
251 -108 -242 0
251 -108 -250 0
251 -109 -112 0
251 -109 -132 0
251 -109 -146 0
251 -109 -152 0
251 -109 -168 0
251 -109 -177 0
251 -109 -178 0
251 -109 -184 0
251 -109 -185 0
251 -109 -188 0
251 -109 -197 0
251 -109 -198 0
251 -109 -202 0
251 -109 -204 0
251 -109 -214 0
251 -109 -215 0
251 -109 -234 0
251 -109 -237 0
251 -109 -245 0
251 -110 -119 0
251 -110 -127 0
251 -110 -133 0
251 -110 -142 0
251 -110 -145 0
251 -110 -148 0
251 -110 -149 0
251 -110 -152 0
251 -110 -162 0
251 -110 -169 0
251 -110 -208 0
251 -110 -215 0
251 -110 -223 0
251 -110 -236 0
251 -110 -239 0
251 -111 -115 0
251 -111 -119 0
251 -111 -134 0
251 -111 -156 0
251 -111 -164 0
251 -111 -169 0
251 -111 -175 0
251 -111 -179 0
251 -111 -207 0
251 -111 -208 0
251 -111 -217 0
251 -111 -221 0
251 -111 -247 0
251 -112 -113 0
251 -112 -115 0
251 -112 -121 0
251 -112 -130 0
251 -112 -132 0
251 -112 -139 0
251 -112 -143 0
251 -112 -159 0
251 -112 -163 0
251 -112 -166 0
251 -112 -185 0
251 -112 -186 0
251 -112 -187 0
251 -112 -198 0
251 -112 -207 0
251 -112 -208 0
251 -112 -213 0
251 -112 -214 0
251 -112 -219 0
251 -112 -222 0
251 -112 -241 0
251 -112 -244 0
251 -112 -249 0
251 -113 -143 0
251 -113 -148 0
251 -113 -154 0
251 -113 -163 0
251 -113 -194 0
251 -113 -209 0
251 -113 -218 0
251 -113 -241 0
251 -114 -119 0
251 -114 -124 0
251 -114 -129 0
251 -114 -144 0
251 -114 -146 0
251 -114 -148 0
251 -114 -149 0
251 -114 -161 0
251 -114 -169 0
251 -114 -178 0
251 -114 -179 0
251 -114 -192 0
251 -114 -227 0
251 -114 -241 0
251 -114 -245 0
251 -115 -119 0
251 -115 -122 0
251 -115 -126 0
251 -115 -129 0
251 -115 -133 0
251 -115 -139 0
251 -115 -156 0
251 -115 -161 0
251 -115 -171 0
251 -115 -191 0
251 -115 -219 0
251 -115 -238 0
251 -115 -239 0
251 -115 -240 0
251 -115 -246 0
251 -116 -117 0
251 -116 -148 0
251 -116 -158 0
251 -116 -181 0
251 -116 -191 0
251 -116 -194 0
251 -116 -218 0
251 -116 -219 0
251 -116 -232 0
251 -116 -237 0
251 -117 -126 0
251 -117 -128 0
251 -117 -153 0
251 -117 -157 0
251 -117 -164 0
251 -117 -166 0
251 -117 -172 0
251 -117 -179 0
251 -117 -188 0
251 -117 -192 0
251 -117 -201 0
251 -117 -215 0
251 -117 -231 0
251 -117 -244 0
251 -118 -137 0
251 -118 -152 0
251 -118 -162 0
251 -118 -174 0
251 -118 -184 0
251 -118 -186 0
251 -118 -215 0
251 -118 -217 0
251 -118 -222 0
251 -118 -228 0
251 -118 -235 0
251 -118 -238 0
251 -118 -244 0
251 -119 -128 0
251 -119 -137 0
251 -119 -155 0
251 -119 -160 0
251 -119 -168 0
251 -119 -170 0
251 -119 -177 0
251 -119 -193 0
251 -119 -194 0
251 -119 -217 0
251 -119 -219 0
251 -119 -222 0
251 -119 -234 0
251 -119 -244 0
251 -120 -128 0
251 -120 -133 0
251 -120 -153 0
251 -120 -154 0
251 -120 -156 0
251 -120 -168 0
251 -120 -171 0
251 -120 -187 0
251 -120 -247 0
251 -121 -132 0
251 -121 -135 0
251 -121 -143 0
251 -121 -160 0
251 -121 -162 0
251 -121 -163 0
251 -121 -171 0
251 -121 -194 0
251 -121 -208 0
251 -121 -212 0
251 -121 -219 0
251 -121 -225 0
251 -121 -233 0
251 -121 -241 0
251 -122 -127 0
251 -122 -159 0
251 -122 -160 0
251 -122 -168 0
251 -122 -176 0
251 -122 -185 0
251 -122 -209 0
251 -122 -213 0
251 -122 -223 0
251 -122 -228 0
251 -122 -233 0
251 -123 -125 0
251 -123 -132 0
251 -123 -145 0
251 -123 -147 0
251 -123 -158 0
251 -123 -163 0
251 -123 -187 0
251 -123 -189 0
251 -123 -191 0
251 -123 -192 0
251 -123 -201 0
251 -123 -206 0
251 -123 -214 0
251 -123 -223 0
251 -123 -240 0
251 -123 -249 0
251 -124 -131 0
251 -124 -132 0
251 -124 -133 0
251 -124 -143 0
251 -124 -153 0
251 -124 -154 0
251 -124 -170 0
251 -124 -177 0
251 -124 -183 0
251 -124 -186 0
251 -124 -188 0
251 -124 -201 0
251 -124 -207 0
251 -124 -208 0
251 -124 -214 0
251 -124 -215 0
251 -124 -224 0
251 -124 -238 0
251 -125 -152 0
251 -125 -169 0
251 -125 -186 0
251 -125 -203 0
251 -126 -163 0
251 -126 -171 0
251 -126 -172 0
251 -126 -178 0
251 -126 -189 0
251 -126 -197 0
251 -126 -201 0
251 -126 -213 0
251 -126 -216 0
251 -126 -244 0
251 -126 -249 0
251 -126 -250 0
251 -127 -139 0
251 -127 -143 0
251 -127 -146 0
251 -127 -157 0
251 -127 -158 0
251 -127 -162 0
251 -127 -184 0
251 -127 -195 0
251 -127 -220 0
251 -127 -221 0
251 -127 -232 0
251 -127 -233 0
251 -128 -129 0
251 -128 -132 0
251 -128 -136 0
251 -128 -150 0
251 -128 -165 0
251 -128 -194 0
251 -128 -197 0
251 -128 -198 0
251 -128 -210 0
251 -128 -221 0
251 -128 -224 0
251 -128 -242 0
251 -128 -249 0
251 -129 -130 0
251 -129 -135 0
251 -129 -140 0
251 -129 -143 0
251 -129 -146 0
251 -129 -171 0
251 -129 -181 0
251 -129 -188 0
251 -129 -201 0
251 -129 -217 0
251 -129 -222 0
251 -129 -229 0
251 -129 -231 0
251 -129 -242 0
251 -130 -133 0
251 -130 -144 0
251 -130 -145 0
251 -130 -156 0
251 -130 -162 0
251 -130 -164 0
251 -130 -170 0
251 -130 -180 0
251 -130 -184 0
251 -130 -185 0
251 -130 -191 0
251 -130 -199 0
251 -130 -221 0
251 -130 -237 0
251 -131 -135 0
251 -131 -194 0
251 -131 -199 0
251 -131 -205 0
251 -131 -208 0
251 -131 -213 0
251 -131 -226 0
251 -131 -240 0
251 -131 -243 0
251 -132 -133 0
251 -132 -155 0
251 -132 -171 0
251 -132 -180 0
251 -132 -181 0
251 -132 -187 0
251 -132 -204 0
251 -132 -207 0
251 -132 -216 0
251 -132 -217 0
251 -132 -221 0
251 -132 -228 0
251 -132 -235 0
251 -133 -144 0
251 -133 -146 0
251 -133 -147 0
251 -133 -154 0
251 -133 -185 0
251 -133 -189 0
251 -133 -210 0
251 -133 -218 0
251 -133 -220 0
251 -133 -221 0
251 -133 -224 0
251 -133 -239 0
251 -134 -140 0
251 -134 -154 0
251 -134 -171 0
251 -134 -179 0
251 -134 -201 0
251 -134 -205 0
251 -134 -208 0
251 -134 -210 0
251 -134 -216 0
251 -134 -219 0
251 -134 -222 0
251 -134 -231 0
251 -134 -246 0
251 -135 -140 0
251 -135 -146 0
251 -135 -150 0
251 -135 -153 0
251 -135 -160 0
251 -135 -163 0
251 -135 -184 0
251 -135 -207 0
251 -135 -214 0
251 -135 -215 0
251 -135 -222 0
251 -135 -230 0
251 -135 -232 0
251 -135 -242 0
251 -135 -244 0
251 -135 -246 0
251 -136 -137 0
251 -136 -149 0
251 -136 -164 0
251 -136 -170 0
251 -136 -176 0
251 -136 -182 0
251 -136 -187 0
251 -136 -217 0
251 -136 -222 0
251 -136 -225 0
251 -136 -229 0
251 -136 -244 0
251 -136 -246 0
251 -137 -142 0
251 -137 -149 0
251 -137 -153 0
251 -137 -170 0
251 -137 -174 0
251 -137 -204 0
251 -137 -205 0
251 -137 -209 0
251 -137 -211 0
251 -137 -221 0
251 -137 -250 0
251 -138 -171 0
251 -138 -181 0
251 -138 -189 0
251 -138 -194 0
251 -138 -220 0
251 -138 -225 0
251 -138 -229 0
251 -138 -231 0
251 -139 -141 0
251 -139 -146 0
251 -139 -155 0
251 -139 -178 0
251 -139 -185 0
251 -139 -189 0
251 -139 -191 0
251 -139 -193 0
251 -139 -213 0
251 -139 -221 0
251 -140 -159 0
251 -140 -167 0
251 -140 -168 0
251 -140 -173 0
251 -140 -185 0
251 -140 -186 0
251 -140 -197 0
251 -140 -198 0
251 -140 -206 0
251 -140 -209 0
251 -140 -212 0
251 -140 -239 0
251 -141 -153 0
251 -141 -193 0
251 -141 -202 0
251 -141 -208 0
251 -141 -222 0
251 -141 -225 0
251 -142 -154 0
251 -142 -156 0
251 -142 -161 0
251 -142 -162 0
251 -142 -165 0
251 -142 -180 0
251 -142 -181 0
251 -142 -183 0
251 -142 -192 0
251 -142 -202 0
251 -142 -208 0
251 -142 -216 0
251 -142 -240 0
251 -143 -144 0
251 -143 -146 0
251 -143 -166 0
251 -143 -169 0
251 -143 -183 0
251 -143 -185 0
251 -143 -205 0
251 -143 -208 0
251 -143 -219 0
251 -143 -222 0
251 -143 -225 0
251 -143 -236 0
251 -144 -147 0
251 -144 -154 0
251 -144 -165 0
251 -144 -166 0
251 -144 -170 0
251 -144 -171 0
251 -144 -174 0
251 -144 -196 0
251 -144 -212 0
251 -144 -217 0
251 -144 -224 0
251 -144 -235 0
251 -144 -236 0
251 -144 -246 0
251 -145 -149 0
251 -145 -171 0
251 -145 -175 0
251 -145 -182 0
251 -145 -194 0
251 -145 -211 0
251 -145 -214 0
251 -145 -222 0
251 -145 -229 0
251 -145 -248 0
251 -145 -250 0
251 -146 -147 0
251 -146 -150 0
251 -146 -158 0
251 -146 -162 0
251 -146 -165 0
251 -146 -183 0
251 -146 -186 0
251 -146 -200 0
251 -146 -205 0
251 -146 -239 0
251 -146 -242 0
251 -147 -149 0
251 -147 -150 0
251 -147 -156 0
251 -147 -159 0
251 -147 -167 0
251 -147 -196 0
251 -147 -216 0
251 -147 -219 0
251 -148 -186 0
251 -148 -188 0
251 -148 -189 0
251 -148 -192 0
251 -148 -217 0
251 -148 -223 0
251 -148 -230 0
251 -148 -232 0
251 -148 -233 0
251 -148 -235 0
251 -148 -243 0
251 -148 -246 0
251 -148 -247 0
251 -149 -151 0
251 -149 -160 0
251 -149 -165 0
251 -149 -166 0
251 -149 -176 0
251 -149 -190 0
251 -149 -194 0
251 -149 -205 0
251 -149 -208 0
251 -149 -213 0
251 -149 -239 0
251 -149 -240 0
251 -150 -152 0
251 -150 -169 0
251 -150 -179 0
251 -150 -232 0
251 -150 -235 0
251 -150 -237 0
251 -151 -154 0
251 -151 -158 0
251 -151 -163 0
251 -151 -165 0
251 -151 -173 0
251 -151 -178 0
251 -151 -197 0
251 -151 -200 0
251 -151 -201 0
251 -151 -203 0
251 -151 -212 0
251 -151 -217 0
251 -152 -170 0
251 -152 -172 0
251 -152 -179 0
251 -152 -188 0
251 -152 -189 0
251 -152 -204 0
251 -152 -206 0
251 -152 -217 0
251 -152 -218 0
251 -152 -224 0
251 -152 -225 0
251 -152 -229 0
251 -152 -237 0
251 -152 -247 0
251 -153 -170 0
251 -153 -176 0
251 -153 -182 0
251 -153 -191 0
251 -153 -214 0
251 -153 -225 0
251 -154 -171 0
251 -154 -183 0
251 -154 -193 0
251 -154 -223 0
251 -154 -244 0
251 -154 -248 0
251 -155 -160 0
251 -155 -172 0
251 -155 -173 0
251 -155 -180 0
251 -155 -188 0
251 -155 -189 0
251 -155 -193 0
251 -155 -195 0
251 -155 -206 0
251 -155 -215 0
251 -155 -217 0
251 -155 -226 0
251 -155 -234 0
251 -155 -244 0
251 -156 -166 0
251 -156 -171 0
251 -156 -174 0
251 -156 -176 0
251 -156 -181 0
251 -156 -183 0
251 -156 -185 0
251 -156 -203 0
251 -156 -206 0
251 -156 -207 0
251 -156 -228 0
251 -156 -243 0
251 -156 -248 0
251 -156 -250 0
251 -157 -164 0
251 -157 -169 0
251 -157 -179 0
251 -157 -180 0
251 -157 -184 0
251 -157 -190 0
251 -157 -195 0
251 -157 -220 0
251 -157 -227 0
251 -157 -237 0
251 -157 -239 0
251 -157 -242 0
251 -157 -248 0
251 -157 -249 0
251 -158 -162 0
251 -158 -168 0
251 -158 -176 0
251 -158 -195 0
251 -158 -199 0
251 -158 -200 0
251 -158 -229 0
251 -158 -232 0
251 -159 -169 0
251 -159 -171 0
251 -159 -188 0
251 -159 -215 0
251 -160 -173 0
251 -160 -174 0
251 -160 -180 0
251 -160 -186 0
251 -160 -195 0
251 -160 -203 0
251 -160 -208 0
251 -160 -214 0
251 -160 -215 0
251 -160 -219 0
251 -160 -236 0
251 -160 -244 0
251 -160 -247 0
251 -161 -164 0
251 -161 -181 0
251 -161 -182 0
251 -161 -185 0
251 -161 -192 0
251 -161 -209 0
251 -161 -217 0
251 -161 -220 0
251 -161 -234 0
251 -162 -190 0
251 -162 -192 0
251 -162 -193 0
251 -162 -221 0
251 -162 -226 0
251 -162 -232 0
251 -163 -195 0
251 -163 -222 0
251 -163 -233 0
251 -163 -246 0
251 -164 -181 0
251 -164 -192 0
251 -164 -193 0
251 -164 -194 0
251 -164 -200 0
251 -164 -204 0
251 -164 -214 0
251 -164 -219 0
251 -164 -229 0
251 -165 -174 0
251 -165 -193 0
251 -165 -195 0
251 -165 -198 0
251 -165 -200 0
251 -165 -205 0
251 -165 -210 0
251 -165 -230 0
251 -165 -233 0
251 -165 -242 0
251 -166 -198 0
251 -166 -199 0
251 -166 -208 0
251 -166 -211 0
251 -166 -216 0
251 -166 -218 0
251 -166 -232 0
251 -166 -239 0
251 -166 -250 0
251 -167 -173 0
251 -167 -179 0
251 -167 -180 0
251 -167 -185 0
251 -167 -195 0
251 -167 -203 0
251 -167 -209 0
251 -167 -210 0
251 -167 -220 0
251 -167 -224 0
251 -167 -228 0
251 -167 -239 0
251 -168 -177 0
251 -168 -186 0
251 -168 -194 0
251 -168 -199 0
251 -168 -204 0
251 -168 -219 0
251 -168 -221 0
251 -168 -225 0
251 -168 -243 0
251 -168 -247 0
251 -168 -250 0
251 -169 -170 0
251 -169 -205 0
251 -169 -223 0
251 -169 -250 0
251 -170 -187 0
251 -170 -190 0
251 -170 -197 0
251 -170 -223 0
251 -170 -231 0
251 -171 -178 0
251 -171 -182 0
251 -171 -192 0
251 -171 -198 0
251 -171 -203 0
251 -171 -215 0
251 -171 -223 0
251 -171 -235 0
251 -172 -176 0
251 -172 -177 0
251 -172 -202 0
251 -172 -208 0
251 -172 -209 0
251 -172 -212 0
251 -172 -224 0
251 -172 -225 0
251 -172 -226 0
251 -172 -244 0
251 -172 -245 0
251 -173 -182 0
251 -173 -192 0
251 -173 -214 0
251 -173 -232 0
251 -174 -176 0
251 -174 -179 0
251 -174 -201 0
251 -174 -210 0
251 -174 -227 0
251 -174 -243 0
251 -174 -250 0
251 -175 -179 0
251 -175 -180 0
251 -175 -188 0
251 -175 -192 0
251 -175 -199 0
251 -175 -203 0
251 -175 -216 0
251 -175 -234 0
251 -175 -238 0
251 -175 -239 0
251 -175 -246 0
251 -175 -247 0
251 -176 -178 0
251 -176 -188 0
251 -176 -193 0
251 -176 -199 0
251 -176 -211 0
251 -176 -217 0
251 -176 -225 0
251 -176 -247 0
251 -177 -180 0
251 -177 -184 0
251 -177 -190 0
251 -177 -193 0
251 -177 -209 0
251 -177 -211 0
251 -177 -217 0
251 -177 -229 0
251 -177 -233 0
251 -177 -234 0
251 -178 -189 0
251 -178 -202 0
251 -178 -213 0
251 -178 -217 0
251 -178 -224 0
251 -178 -226 0
251 -178 -245 0
251 -178 -247 0
251 -179 -184 0
251 -179 -195 0
251 -179 -196 0
251 -179 -205 0
251 -179 -207 0
251 -179 -213 0
251 -179 -216 0
251 -179 -243 0
251 -180 -192 0
251 -180 -205 0
251 -180 -211 0
251 -180 -237 0
251 -181 -185 0
251 -181 -189 0
251 -181 -190 0
251 -181 -193 0
251 -181 -195 0
251 -181 -206 0
251 -181 -213 0
251 -181 -227 0
251 -181 -228 0
251 -181 -229 0
251 -181 -235 0
251 -182 -191 0
251 -182 -196 0
251 -182 -197 0
251 -182 -218 0
251 -182 -231 0
251 -182 -237 0
251 -182 -246 0
251 -182 -247 0
251 -183 -196 0
251 -183 -236 0
251 -183 -246 0
251 -184 -200 0
251 -184 -224 0
251 -184 -234 0
251 -185 -195 0
251 -185 -229 0
251 -185 -239 0
251 -185 -240 0
251 -185 -246 0
251 -185 -247 0
251 -186 -196 0
251 -186 -208 0
251 -186 -218 0
251 -186 -249 0
251 -187 -196 0
251 -187 -203 0
251 -187 -214 0
251 -187 -216 0
251 -187 -224 0
251 -187 -231 0
251 -187 -239 0
251 -187 -246 0
251 -187 -250 0
251 -188 -196 0
251 -188 -217 0
251 -188 -220 0
251 -188 -223 0
251 -188 -228 0
251 -188 -230 0
251 -188 -232 0
251 -188 -233 0
251 -188 -242 0
251 -189 -217 0
251 -189 -222 0
251 -189 -223 0
251 -189 -241 0
251 -189 -242 0
251 -190 -191 0
251 -190 -192 0
251 -190 -232 0
251 -190 -238 0
251 -190 -249 0
251 -190 -250 0
251 -191 -200 0
251 -191 -210 0
251 -191 -213 0
251 -191 -218 0
251 -191 -228 0
251 -191 -250 0
251 -192 -204 0
251 -192 -222 0
251 -192 -224 0
251 -192 -231 0
251 -192 -233 0
251 -192 -238 0
251 -192 -239 0
251 -193 -200 0
251 -193 -201 0
251 -193 -203 0
251 -193 -209 0
251 -193 -210 0
251 -193 -214 0
251 -193 -217 0
251 -193 -229 0
251 -193 -230 0
251 -193 -233 0
251 -193 -243 0
251 -193 -246 0
251 -194 -204 0
251 -194 -210 0
251 -194 -219 0
251 -195 -200 0
251 -195 -239 0
251 -195 -243 0
251 -196 -215 0
251 -196 -224 0
251 -196 -225 0
251 -196 -242 0
251 -196 -247 0
251 -197 -239 0
251 -197 -250 0
251 -198 -210 0
251 -199 -205 0
251 -199 -220 0
251 -199 -223 0
251 -199 -236 0
251 -199 -248 0
251 -200 -206 0
251 -200 -209 0
251 -200 -216 0
251 -200 -233 0
251 -200 -236 0
251 -200 -239 0
251 -200 -245 0
251 -200 -246 0
251 -201 -210 0
251 -201 -212 0
251 -201 -219 0
251 -201 -226 0
251 -202 -211 0
251 -202 -214 0
251 -202 -223 0
251 -202 -234 0
251 -202 -235 0
251 -202 -237 0
251 -202 -240 0
251 -203 -211 0
251 -203 -215 0
251 -203 -216 0
251 -203 -224 0
251 -203 -230 0
251 -203 -233 0
251 -203 -246 0
251 -203 -248 0
251 -203 -249 0
251 -204 -216 0
251 -204 -217 0
251 -204 -218 0
251 -204 -220 0
251 -205 -218 0
251 -205 -229 0
251 -205 -231 0
251 -205 -239 0
251 -206 -213 0
251 -206 -224 0
251 -206 -237 0
251 -207 -213 0
251 -207 -216 0
251 -207 -225 0
251 -207 -238 0
251 -208 -209 0
251 -208 -225 0
251 -208 -235 0
251 -208 -247 0
251 -208 -249 0
251 -208 -250 0
251 -209 -216 0
251 -209 -217 0
251 -209 -223 0
251 -209 -236 0
251 -209 -237 0
251 -210 -212 0
251 -210 -223 0
251 -210 -241 0
251 -211 -219 0
251 -211 -220 0
251 -211 -227 0
251 -211 -232 0
251 -211 -234 0
251 -211 -238 0
251 -212 -228 0
251 -213 -217 0
251 -213 -220 0
251 -213 -223 0
251 -213 -226 0
251 -213 -228 0
251 -213 -242 0
251 -213 -246 0
251 -214 -219 0
251 -214 -222 0
251 -214 -244 0
251 -214 -245 0
251 -214 -248 0
251 -215 -227 0
251 -215 -238 0
251 -216 -223 0
251 -216 -233 0
251 -216 -235 0
251 -216 -248 0
251 -217 -220 0
251 -217 -221 0
251 -217 -222 0
251 -217 -239 0
251 -218 -227 0
251 -218 -233 0
251 -219 -229 0
251 -219 -240 0
251 -219 -244 0
251 -219 -245 0
251 -219 -247 0
251 -220 -223 0
251 -220 -227 0
251 -220 -228 0
251 -220 -230 0
251 -220 -231 0
251 -220 -235 0
251 -220 -244 0
251 -221 -222 0
251 -221 -231 0
251 -221 -247 0
251 -222 -241 0
251 -222 -249 0
251 -222 -250 0
251 -223 -227 0
251 -223 -235 0
251 -223 -243 0
251 -223 -246 0
251 -224 -227 0
251 -224 -232 0
251 -224 -241 0
251 -224 -245 0
251 -224 -248 0
251 -225 -240 0
251 -225 -243 0
251 -226 -234 0
251 -226 -239 0
251 -226 -240 0
251 -227 -237 0
251 -228 -249 0
251 -229 -236 0
251 -229 -250 0
251 -230 -233 0
251 -231 -236 0
251 -231 -242 0
251 -232 -237 0
251 -233 -235 0
251 -234 -250 0
251 -235 -250 0
251 -236 -247 0
251 -237 -243 0
251 -238 -249 0
251 -238 -250 0
251 -241 -245 0
251 -241 -247 0
251 -242 -244 0
251 -242 -246 0
251 -249 -250 0
1 1 0
1 2 0
1 3 0
1 4 0
1 5 0
1 6 0
1 7 0
1 8 0
1 9 0
1 10 0
1 11 0
1 12 0
1 13 0
1 14 0
1 15 0
1 16 0
1 17 0
1 18 0
1 19 0
1 20 0
1 21 0
1 22 0
1 23 0
1 24 0
1 25 0
1 26 0
1 27 0
1 28 0
1 29 0
1 30 0
1 31 0
1 32 0
1 33 0
1 34 0
1 35 0
1 36 0
1 37 0
1 38 0
1 39 0
1 40 0
1 41 0
1 42 0
1 43 0
1 44 0
1 45 0
1 46 0
1 47 0
1 48 0
1 49 0
1 50 0
1 51 0
1 52 0
1 53 0
1 54 0
1 55 0
1 56 0
1 57 0
1 58 0
1 59 0
1 60 0
1 61 0
1 62 0
1 63 0
1 64 0
1 65 0
1 66 0
1 67 0
1 68 0
1 69 0
1 70 0
1 71 0
1 72 0
1 73 0
1 74 0
1 75 0
1 76 0
1 77 0
1 78 0
1 79 0
1 80 0
1 81 0
1 82 0
1 83 0
1 84 0
1 85 0
1 86 0
1 87 0
1 88 0
1 89 0
1 90 0
1 91 0
1 92 0
1 93 0
1 94 0
1 95 0
1 96 0
1 97 0
1 98 0
1 99 0
1 100 0
1 101 0
1 102 0
1 103 0
1 104 0
1 105 0
1 106 0
1 107 0
1 108 0
1 109 0
1 110 0
1 111 0
1 112 0
1 113 0
1 114 0
1 115 0
1 116 0
1 117 0
1 118 0
1 119 0
1 120 0
1 121 0
1 122 0
1 123 0
1 124 0
1 125 0
1 126 0
1 127 0
1 128 0
1 129 0
1 130 0
1 131 0
1 132 0
1 133 0
1 134 0
1 135 0
1 136 0
1 137 0
1 138 0
1 139 0
1 140 0
1 141 0
1 142 0
1 143 0
1 144 0
1 145 0
1 146 0
1 147 0
1 148 0
1 149 0
1 150 0
1 151 0
1 152 0
1 153 0
1 154 0
1 155 0
1 156 0
1 157 0
1 158 0
1 159 0
1 160 0
1 161 0
1 162 0
1 163 0
1 164 0
1 165 0
1 166 0
1 167 0
1 168 0
1 169 0
1 170 0
1 171 0
1 172 0
1 173 0
1 174 0
1 175 0
1 176 0
1 177 0
1 178 0
1 179 0
1 180 0
1 181 0
1 182 0
1 183 0
1 184 0
1 185 0
1 186 0
1 187 0
1 188 0
1 189 0
1 190 0
1 191 0
1 192 0
1 193 0
1 194 0
1 195 0
1 196 0
1 197 0
1 198 0
1 199 0
1 200 0
1 201 0
1 202 0
1 203 0
1 204 0
1 205 0
1 206 0
1 207 0
1 208 0
1 209 0
1 210 0
1 211 0
1 212 0
1 213 0
1 214 0
1 215 0
1 216 0
1 217 0
1 218 0
1 219 0
1 220 0
1 221 0
1 222 0
1 223 0
1 224 0
1 225 0
1 226 0
1 227 0
1 228 0
1 229 0
1 230 0
1 231 0
1 232 0
1 233 0
1 234 0
1 235 0
1 236 0
1 237 0
1 238 0
1 239 0
1 240 0
1 241 0
1 242 0
1 243 0
1 244 0
1 245 0
1 246 0
1 247 0
1 248 0
1 249 0
1 250 0
