c CNF
p wcnf 200 2190 201
201 -1 -8 0
201 -1 -13 0
201 -1 -28 0
201 -1 -29 0
201 -1 -31 0
201 -1 -32 0
201 -1 -34 0
201 -1 -39 0
201 -1 -47 0
201 -1 -55 0
201 -1 -59 0
201 -1 -63 0
201 -1 -77 0
201 -1 -79 0
201 -1 -82 0
201 -1 -83 0
201 -1 -115 0
201 -1 -126 0
201 -1 -129 0
201 -1 -133 0
201 -1 -171 0
201 -1 -179 0
201 -1 -195 0
201 -1 -196 0
201 -2 -31 0
201 -2 -32 0
201 -2 -37 0
201 -2 -42 0
201 -2 -83 0
201 -2 -92 0
201 -2 -98 0
201 -2 -147 0
201 -2 -154 0
201 -3 -7 0
201 -3 -13 0
201 -3 -45 0
201 -3 -65 0
201 -3 -68 0
201 -3 -72 0
201 -3 -73 0
201 -3 -79 0
201 -3 -91 0
201 -3 -94 0
201 -3 -111 0
201 -3 -118 0
201 -3 -156 0
201 -3 -162 0
201 -3 -165 0
201 -3 -172 0
201 -4 -20 0
201 -4 -27 0
201 -4 -43 0
201 -4 -58 0
201 -4 -62 0
201 -4 -66 0
201 -4 -77 0
201 -4 -85 0
201 -4 -90 0
201 -4 -96 0
201 -4 -110 0
201 -4 -123 0
201 -4 -139 0
201 -4 -149 0
201 -4 -181 0
201 -4 -193 0
201 -4 -195 0
201 -5 -15 0
201 -5 -22 0
201 -5 -26 0
201 -5 -37 0
201 -5 -43 0
201 -5 -54 0
201 -5 -58 0
201 -5 -64 0
201 -5 -67 0
201 -5 -73 0
201 -5 -76 0
201 -5 -93 0
201 -5 -102 0
201 -5 -140 0
201 -5 -150 0
201 -5 -171 0
201 -5 -188 0
201 -6 -25 0
201 -6 -34 0
201 -6 -35 0
201 -6 -38 0
201 -6 -46 0
201 -6 -58 0
201 -6 -60 0
201 -6 -66 0
201 -6 -68 0
201 -6 -69 0
201 -6 -71 0
201 -6 -79 0
201 -6 -80 0
201 -6 -81 0
201 -6 -84 0
201 -6 -89 0
201 -6 -109 0
201 -6 -117 0
201 -6 -123 0
201 -6 -129 0
201 -6 -139 0
201 -6 -141 0
201 -6 -149 0
201 -6 -154 0
201 -6 -161 0
201 -6 -163 0
201 -6 -169 0
201 -6 -171 0
201 -7 -48 0
201 -7 -52 0
201 -7 -74 0
201 -7 -87 0
201 -7 -88 0
201 -7 -102 0
201 -7 -152 0
201 -7 -158 0
201 -7 -168 0
201 -7 -169 0
201 -7 -170 0
201 -7 -187 0
201 -7 -189 0
201 -7 -195 0
201 -8 -23 0
201 -8 -36 0
201 -8 -46 0
201 -8 -80 0
201 -8 -105 0
201 -8 -106 0
201 -8 -117 0
201 -8 -147 0
201 -8 -154 0
201 -8 -165 0
201 -8 -183 0
201 -8 -186 0
201 -8 -195 0
201 -8 -197 0
201 -9 -11 0
201 -9 -57 0
201 -9 -75 0
201 -9 -79 0
201 -9 -80 0
201 -9 -100 0
201 -9 -109 0
201 -9 -122 0
201 -9 -138 0
201 -9 -141 0
201 -9 -157 0
201 -9 -170 0
201 -9 -178 0
201 -9 -182 0
201 -9 -185 0
201 -9 -194 0
201 -10 -12 0
201 -10 -23 0
201 -10 -25 0
201 -10 -35 0
201 -10 -53 0
201 -10 -71 0
201 -10 -81 0
201 -10 -83 0
201 -10 -93 0
201 -10 -97 0
201 -10 -98 0
201 -10 -104 0
201 -10 -105 0
201 -10 -108 0
201 -10 -112 0
201 -10 -118 0
201 -10 -119 0
201 -10 -138 0
201 -10 -141 0
201 -10 -149 0
201 -10 -158 0
201 -10 -161 0
201 -10 -164 0
201 -10 -178 0
201 -10 -181 0
201 -10 -186 0
201 -10 -187 0
201 -10 -191 0
201 -10 -200 0
201 -11 -32 0
201 -11 -42 0
201 -11 -45 0
201 -11 -51 0
201 -11 -53 0
201 -11 -71 0
201 -11 -75 0
201 -11 -79 0
201 -11 -93 0
201 -11 -100 0
201 -11 -102 0
201 -11 -106 0
201 -11 -108 0
201 -11 -122 0
201 -11 -130 0
201 -11 -131 0
201 -11 -137 0
201 -11 -138 0
201 -11 -146 0
201 -11 -152 0
201 -11 -161 0
201 -11 -170 0
201 -11 -183 0
201 -11 -185 0
201 -12 -28 0
201 -12 -40 0
201 -12 -48 0
201 -12 -72 0
201 -12 -76 0
201 -12 -77 0
201 -12 -99 0
201 -12 -113 0
201 -12 -114 0
201 -12 -123 0
201 -12 -135 0
201 -12 -136 0
201 -12 -146 0
201 -12 -155 0
201 -12 -165 0
201 -12 -175 0
201 -12 -180 0
201 -12 -188 0
201 -12 -199 0
201 -12 -200 0
201 -13 -19 0
201 -13 -25 0
201 -13 -57 0
201 -13 -64 0
201 -13 -78 0
201 -13 -80 0
201 -13 -87 0
201 -13 -95 0
201 -13 -112 0
201 -13 -114 0
201 -13 -115 0
201 -13 -118 0
201 -13 -135 0
201 -13 -137 0
201 -13 -162 0
201 -13 -165 0
201 -13 -167 0
201 -13 -171 0
201 -13 -173 0
201 -13 -185 0
201 -13 -196 0
201 -14 -19 0
201 -14 -20 0
201 -14 -32 0
201 -14 -36 0
201 -14 -38 0
201 -14 -40 0
201 -14 -43 0
201 -14 -45 0
201 -14 -48 0
201 -14 -53 0
201 -14 -70 0
201 -14 -92 0
201 -14 -105 0
201 -14 -129 0
201 -14 -130 0
201 -14 -150 0
201 -14 -151 0
201 -14 -153 0
201 -14 -160 0
201 -14 -163 0
201 -14 -191 0
201 -15 -18 0
201 -15 -21 0
201 -15 -46 0
201 -15 -56 0
201 -15 -63 0
201 -15 -64 0
201 -15 -66 0
201 -15 -95 0
201 -15 -106 0
201 -15 -107 0
201 -15 -115 0
201 -15 -119 0
201 -15 -149 0
201 -15 -158 0
201 -15 -169 0
201 -15 -170 0
201 -15 -180 0
201 -15 -185 0
201 -16 -22 0
201 -16 -29 0
201 -16 -31 0
201 -16 -35 0
201 -16 -73 0
201 -16 -77 0
201 -16 -82 0
201 -16 -84 0
201 -16 -90 0
201 -16 -91 0
201 -16 -99 0
201 -16 -107 0
201 -16 -134 0
201 -16 -136 0
201 -16 -152 0
201 -16 -164 0
201 -16 -191 0
201 -16 -194 0
201 -16 -200 0
201 -17 -18 0
201 -17 -24 0
201 -17 -34 0
201 -17 -46 0
201 -17 -57 0
201 -17 -63 0
201 -17 -96 0
201 -17 -107 0
201 -17 -120 0
201 -17 -121 0
201 -17 -139 0
201 -17 -142 0
201 -17 -143 0
201 -17 -144 0
201 -17 -168 0
201 -18 -24 0
201 -18 -25 0
201 -18 -31 0
201 -18 -35 0
201 -18 -49 0
201 -18 -64 0
201 -18 -66 0
201 -18 -77 0
201 -18 -83 0
201 -18 -97 0
201 -18 -105 0
201 -18 -115 0
201 -18 -120 0
201 -18 -121 0
201 -18 -123 0
201 -18 -137 0
201 -18 -138 0
201 -18 -139 0
201 -18 -140 0
201 -18 -141 0
201 -18 -153 0
201 -18 -154 0
201 -18 -156 0
201 -18 -165 0
201 -18 -176 0
201 -18 -181 0
201 -18 -184 0
201 -18 -197 0
201 -18 -199 0
201 -19 -36 0
201 -19 -40 0
201 -19 -43 0
201 -19 -66 0
201 -19 -116 0
201 -19 -119 0
201 -19 -127 0
201 -19 -134 0
201 -19 -153 0
201 -19 -168 0
201 -20 -32 0
201 -20 -73 0
201 -20 -90 0
201 -20 -101 0
201 -20 -106 0
201 -20 -107 0
201 -20 -116 0
201 -20 -124 0
201 -20 -130 0
201 -20 -140 0
201 -20 -152 0
201 -20 -159 0
201 -20 -161 0
201 -20 -163 0
201 -20 -173 0
201 -20 -183 0
201 -20 -185 0
201 -20 -191 0
201 -20 -192 0
201 -20 -198 0
201 -21 -26 0
201 -21 -29 0
201 -21 -36 0
201 -21 -38 0
201 -21 -41 0
201 -21 -47 0
201 -21 -51 0
201 -21 -54 0
201 -21 -56 0
201 -21 -60 0
201 -21 -66 0
201 -21 -72 0
201 -21 -82 0
201 -21 -84 0
201 -21 -96 0
201 -21 -98 0
201 -21 -118 0
201 -21 -134 0
201 -21 -135 0
201 -21 -149 0
201 -21 -166 0
201 -21 -172 0
201 -21 -179 0
201 -21 -183 0
201 -21 -186 0
201 -21 -192 0
201 -22 -33 0
201 -22 -40 0
201 -22 -42 0
201 -22 -44 0
201 -22 -45 0
201 -22 -52 0
201 -22 -53 0
201 -22 -57 0
201 -22 -75 0
201 -22 -84 0
201 -22 -99 0
201 -22 -113 0
201 -22 -132 0
201 -22 -139 0
201 -22 -150 0
201 -22 -174 0
201 -22 -185 0
201 -23 -55 0
201 -23 -71 0
201 -23 -83 0
201 -23 -105 0
201 -23 -130 0
201 -23 -132 0
201 -23 -158 0
201 -23 -169 0
201 -23 -183 0
201 -23 -189 0
201 -23 -197 0
201 -23 -198 0
201 -24 -31 0
201 -24 -34 0
201 -24 -46 0
201 -24 -57 0
201 -24 -66 0
201 -24 -81 0
201 -24 -85 0
201 -24 -90 0
201 -24 -122 0
201 -24 -139 0
201 -24 -143 0
201 -24 -157 0
201 -24 -160 0
201 -24 -186 0
201 -25 -28 0
201 -25 -29 0
201 -25 -35 0
201 -25 -61 0
201 -25 -62 0
201 -25 -65 0
201 -25 -77 0
201 -25 -78 0
201 -25 -83 0
201 -25 -89 0
201 -25 -97 0
201 -25 -115 0
201 -25 -116 0
201 -25 -124 0
201 -25 -134 0
201 -25 -139 0
201 -25 -147 0
201 -25 -154 0
201 -25 -164 0
201 -25 -170 0
201 -25 -184 0
201 -25 -186 0
201 -25 -195 0
201 -25 -196 0
201 -26 -29 0
201 -26 -39 0
201 -26 -59 0
201 -26 -61 0
201 -26 -64 0
201 -26 -83 0
201 -26 -84 0
201 -26 -91 0
201 -26 -104 0
201 -26 -114 0
201 -26 -127 0
201 -26 -130 0
201 -26 -134 0
201 -26 -141 0
201 -26 -145 0
201 -26 -150 0
201 -26 -151 0
201 -26 -158 0
201 -26 -172 0
201 -26 -175 0
201 -26 -193 0
201 -26 -197 0
201 -27 -55 0
201 -27 -60 0
201 -27 -62 0
201 -27 -80 0
201 -27 -81 0
201 -27 -82 0
201 -27 -110 0
201 -27 -159 0
201 -27 -193 0
201 -28 -32 0
201 -28 -38 0
201 -28 -57 0
201 -28 -60 0
201 -28 -72 0
201 -28 -76 0
201 -28 -81 0
201 -28 -120 0
201 -28 -129 0
201 -28 -130 0
201 -28 -136 0
201 -28 -137 0
201 -28 -142 0
201 -28 -155 0
201 -28 -189 0
201 -28 -194 0
201 -28 -195 0
201 -28 -200 0
201 -29 -35 0
201 -29 -56 0
201 -29 -73 0
201 -29 -85 0
201 -29 -91 0
201 -29 -113 0
201 -29 -131 0
201 -29 -148 0
201 -29 -157 0
201 -29 -178 0
201 -29 -181 0
201 -29 -187 0
201 -29 -194 0
201 -30 -68 0
201 -30 -69 0
201 -30 -86 0
201 -30 -121 0
201 -30 -123 0
201 -30 -130 0
201 -30 -136 0
201 -30 -146 0
201 -30 -155 0
201 -30 -160 0
201 -30 -162 0
201 -30 -192 0
201 -31 -32 0
201 -31 -44 0
201 -31 -53 0
201 -31 -61 0
201 -31 -62 0
201 -31 -76 0
201 -31 -94 0
201 -31 -101 0
201 -31 -105 0
201 -31 -111 0
201 -31 -113 0
201 -31 -128 0
201 -31 -129 0
201 -31 -133 0
201 -31 -135 0
201 -31 -146 0
201 -31 -157 0
201 -31 -167 0
201 -31 -168 0
201 -31 -196 0
201 -31 -198 0
201 -32 -42 0
201 -32 -47 0
201 -32 -59 0
201 -32 -89 0
201 -32 -104 0
201 -32 -108 0
201 -32 -129 0
201 -32 -184 0
201 -33 -51 0
201 -33 -66 0
201 -33 -70 0
201 -33 -77 0
201 -33 -80 0
201 -33 -84 0
201 -33 -96 0
201 -33 -97 0
201 -33 -109 0
201 -33 -113 0
201 -33 -134 0
201 -33 -150 0
201 -33 -154 0
201 -33 -158 0
201 -33 -174 0
201 -33 -192 0
201 -34 -45 0
201 -34 -48 0
201 -34 -53 0
201 -34 -57 0
201 -34 -63 0
201 -34 -71 0
201 -34 -90 0
201 -34 -122 0
201 -34 -131 0
201 -34 -136 0
201 -34 -139 0
201 -34 -143 0
201 -34 -144 0
201 -34 -158 0
201 -34 -165 0
201 -34 -184 0
201 -34 -189 0
201 -34 -199 0
201 -35 -36 0
201 -35 -73 0
201 -35 -74 0
201 -35 -81 0
201 -35 -91 0
201 -35 -121 0
201 -35 -123 0
201 -35 -141 0
201 -35 -149 0
201 -35 -189 0
201 -35 -194 0
201 -35 -195 0
201 -35 -198 0
201 -36 -39 0
201 -36 -44 0
201 -36 -52 0
201 -36 -57 0
201 -36 -59 0
201 -36 -65 0
201 -36 -81 0
201 -36 -84 0
201 -36 -100 0
201 -36 -110 0
201 -36 -119 0
201 -36 -123 0
201 -36 -140 0
201 -36 -148 0
201 -36 -154 0
201 -36 -164 0
201 -36 -165 0
201 -36 -170 0
201 -36 -176 0
201 -36 -179 0
201 -36 -184 0
201 -36 -186 0
201 -37 -42 0
201 -37 -66 0
201 -37 -71 0
201 -37 -80 0
201 -37 -82 0
201 -37 -85 0
201 -37 -86 0
201 -37 -92 0
201 -37 -98 0
201 -37 -112 0
201 -37 -113 0
201 -37 -122 0
201 -37 -136 0
201 -37 -144 0
201 -37 -148 0
201 -37 -163 0
201 -37 -185 0
201 -37 -190 0
201 -38 -59 0
201 -38 -60 0
201 -38 -66 0
201 -38 -85 0
201 -38 -88 0
201 -38 -89 0
201 -38 -116 0
201 -38 -128 0
201 -38 -137 0
201 -38 -148 0
201 -38 -161 0
201 -38 -168 0
201 -38 -169 0
201 -38 -174 0
201 -38 -187 0
201 -39 -41 0
201 -39 -57 0
201 -39 -59 0
201 -39 -60 0
201 -39 -67 0
201 -39 -89 0
201 -39 -122 0
201 -39 -127 0
201 -39 -142 0
201 -39 -152 0
201 -39 -158 0
201 -39 -161 0
201 -39 -164 0
201 -39 -180 0
201 -39 -182 0
201 -39 -187 0
201 -39 -188 0
201 -39 -198 0
201 -40 -43 0
201 -40 -52 0
201 -40 -53 0
201 -40 -54 0
201 -40 -55 0
201 -40 -63 0
201 -40 -70 0
201 -40 -85 0
201 -40 -92 0
201 -40 -96 0
201 -40 -114 0
201 -40 -144 0
201 -40 -148 0
201 -40 -152 0
201 -40 -153 0
201 -40 -163 0
201 -40 -181 0
201 -40 -183 0
201 -40 -184 0
201 -40 -198 0
201 -41 -59 0
201 -41 -64 0
201 -41 -67 0
201 -41 -71 0
201 -41 -74 0
201 -41 -75 0
201 -41 -77 0
201 -41 -81 0
201 -41 -83 0
201 -41 -89 0
201 -41 -129 0
201 -41 -132 0
201 -41 -144 0
201 -41 -150 0
201 -41 -162 0
201 -41 -175 0
201 -41 -190 0
201 -41 -192 0
201 -42 -56 0
201 -42 -64 0
201 -42 -92 0
201 -42 -98 0
201 -42 -106 0
201 -42 -135 0
201 -42 -155 0
201 -42 -157 0
201 -42 -173 0
201 -42 -175 0
201 -42 -178 0
201 -43 -52 0
201 -43 -67 0
201 -43 -81 0
201 -43 -84 0
201 -43 -89 0
201 -43 -94 0
201 -43 -109 0
201 -43 -152 0
201 -43 -153 0
201 -43 -162 0
201 -43 -165 0
201 -43 -188 0
201 -43 -189 0
201 -43 -191 0
201 -43 -193 0
201 -44 -59 0
201 -44 -63 0
201 -44 -68 0
201 -44 -71 0
201 -44 -72 0
201 -44 -78 0
201 -44 -80 0
201 -44 -89 0
201 -44 -102 0
201 -44 -104 0
201 -44 -105 0
201 -44 -109 0
201 -44 -110 0
201 -44 -112 0
201 -44 -116 0
201 -44 -117 0
201 -44 -128 0
201 -44 -132 0
201 -44 -134 0
201 -44 -149 0
201 -44 -150 0
201 -44 -159 0
201 -45 -94 0
201 -45 -104 0
201 -45 -111 0
201 -45 -112 0
201 -45 -116 0
201 -45 -131 0
201 -45 -138 0
201 -45 -158 0
201 -45 -166 0
201 -45 -170 0
201 -45 -171 0
201 -45 -180 0
201 -45 -184 0
201 -45 -192 0
201 -46 -51 0
201 -46 -76 0
201 -46 -88 0
201 -46 -92 0
201 -46 -118 0
201 -46 -124 0
201 -46 -135 0
201 -46 -137 0
201 -46 -143 0
201 -46 -144 0
201 -46 -158 0
201 -46 -162 0
201 -46 -164 0
201 -46 -168 0
201 -46 -176 0
201 -46 -177 0
201 -47 -58 0
201 -47 -64 0
201 -47 -83 0
201 -47 -99 0
201 -47 -134 0
201 -47 -144 0
201 -47 -152 0
201 -47 -158 0
201 -47 -159 0
201 -47 -161 0
201 -47 -179 0
201 -47 -181 0
201 -47 -182 0
201 -47 -184 0
201 -48 -74 0
201 -48 -78 0
201 -48 -80 0
201 -48 -84 0
201 -48 -93 0
201 -48 -103 0
201 -48 -109 0
201 -48 -127 0
201 -48 -141 0
201 -48 -145 0
201 -48 -167 0
201 -48 -168 0
201 -48 -184 0
201 -48 -195 0
201 -49 -118 0
201 -49 -128 0
201 -49 -151 0
201 -49 -158 0
201 -49 -186 0
201 -49 -188 0
201 -49 -194 0
201 -49 -198 0
201 -50 -71 0
201 -50 -73 0
201 -50 -105 0
201 -50 -132 0
201 -50 -154 0
201 -50 -170 0
201 -50 -182 0
201 -50 -186 0
201 -50 -194 0
201 -50 -196 0
201 -51 -64 0
201 -51 -67 0
201 -51 -81 0
201 -51 -99 0
201 -51 -101 0
201 -51 -122 0
201 -51 -123 0
201 -51 -131 0
201 -51 -132 0
201 -51 -143 0
201 -51 -149 0
201 -51 -174 0
201 -51 -181 0
201 -51 -185 0
201 -52 -57 0
201 -52 -68 0
201 -52 -84 0
201 -52 -114 0
201 -52 -119 0
201 -53 -72 0
201 -53 -80 0
201 -53 -93 0
201 -53 -94 0
201 -53 -108 0
201 -53 -112 0
201 -53 -114 0
201 -53 -115 0
201 -53 -132 0
201 -53 -138 0
201 -53 -144 0
201 -53 -170 0
201 -53 -172 0
201 -53 -176 0
201 -53 -177 0
201 -53 -180 0
201 -53 -184 0
201 -54 -55 0
201 -54 -65 0
201 -54 -78 0
201 -54 -85 0
201 -54 -93 0
201 -54 -106 0
201 -54 -115 0
201 -54 -121 0
201 -54 -125 0
201 -54 -127 0
201 -54 -132 0
201 -54 -141 0
201 -54 -149 0
201 -54 -156 0
201 -54 -163 0
201 -54 -173 0
201 -54 -188 0
201 -54 -189 0
201 -54 -190 0
201 -55 -61 0
201 -55 -69 0
201 -55 -81 0
201 -55 -82 0
201 -55 -109 0
201 -55 -113 0
201 -55 -135 0
201 -55 -136 0
201 -55 -140 0
201 -55 -141 0
201 -55 -158 0
201 -55 -164 0
201 -55 -170 0
201 -55 -171 0
201 -55 -181 0
201 -55 -183 0
201 -55 -190 0
201 -55 -196 0
201 -56 -67 0
201 -56 -82 0
201 -56 -90 0
201 -56 -95 0
201 -56 -115 0
201 -56 -139 0
201 -56 -144 0
201 -56 -148 0
201 -56 -151 0
201 -56 -163 0
201 -56 -180 0
201 -56 -185 0
201 -56 -187 0
201 -56 -191 0
201 -56 -192 0
201 -56 -194 0
201 -57 -66 0
201 -57 -80 0
201 -57 -95 0
201 -57 -97 0
201 -57 -108 0
201 -57 -110 0
201 -57 -111 0
201 -57 -114 0
201 -57 -119 0
201 -57 -151 0
201 -57 -170 0
201 -57 -179 0
201 -57 -193 0
201 -58 -83 0
201 -58 -85 0
201 -58 -90 0
201 -58 -109 0
201 -58 -121 0
201 -58 -134 0
201 -58 -137 0
201 -58 -148 0
201 -58 -155 0
201 -58 -161 0
201 -58 -163 0
201 -58 -179 0
201 -58 -184 0
201 -59 -67 0
201 -59 -70 0
201 -59 -80 0
201 -59 -81 0
201 -59 -89 0
201 -59 -186 0
201 -60 -61 0
201 -60 -73 0
201 -60 -98 0
201 -60 -105 0
201 -60 -108 0
201 -60 -117 0
201 -60 -130 0
201 -60 -132 0
201 -60 -139 0
201 -60 -148 0
201 -60 -155 0
201 -60 -164 0
201 -60 -171 0
201 -61 -83 0
201 -61 -117 0
201 -61 -130 0
201 -61 -141 0
201 -61 -155 0
201 -61 -156 0
201 -61 -157 0
201 -61 -163 0
201 -61 -171 0
201 -61 -176 0
201 -61 -185 0
201 -61 -196 0
201 -62 -89 0
201 -62 -105 0
201 -62 -109 0
201 -62 -110 0
201 -62 -119 0
201 -62 -121 0
201 -62 -141 0
201 -62 -149 0
201 -62 -160 0
201 -62 -176 0
201 -62 -186 0
201 -62 -190 0
201 -62 -193 0
201 -62 -198 0
201 -63 -81 0
201 -63 -89 0
201 -63 -92 0
201 -63 -100 0
201 -63 -106 0
201 -63 -134 0
201 -63 -141 0
201 -63 -145 0
201 -63 -152 0
201 -63 -160 0
201 -63 -183 0
201 -63 -185 0
201 -63 -188 0
201 -64 -66 0
201 -64 -79 0
201 -64 -88 0
201 -64 -91 0
201 -64 -113 0
201 -64 -120 0
201 -64 -121 0
201 -64 -124 0
201 -64 -132 0
201 -64 -146 0
201 -64 -148 0
201 -64 -150 0
201 -64 -172 0
201 -64 -181 0
201 -65 -78 0
201 -65 -85 0
201 -65 -109 0
201 -65 -125 0
201 -65 -154 0
201 -65 -160 0
201 -65 -161 0
201 -65 -187 0
201 -66 -73 0
201 -66 -75 0
201 -66 -82 0
201 -66 -92 0
201 -66 -109 0
201 -66 -111 0
201 -66 -119 0
201 -66 -120 0
201 -66 -133 0
201 -66 -139 0
201 -66 -146 0
201 -66 -160 0
201 -66 -163 0
201 -66 -164 0
201 -66 -169 0
201 -66 -180 0
201 -66 -186 0
201 -66 -198 0
201 -66 -200 0
201 -67 -73 0
201 -67 -83 0
201 -67 -89 0
201 -67 -92 0
201 -67 -116 0
201 -67 -145 0
201 -67 -148 0
201 -67 -165 0
201 -67 -175 0
201 -67 -185 0
201 -67 -187 0
201 -67 -192 0
201 -68 -69 0
201 -68 -73 0
201 -68 -81 0
201 -68 -83 0
201 -68 -113 0
201 -68 -114 0
201 -68 -116 0
201 -68 -146 0
201 -68 -150 0
201 -68 -160 0
201 -68 -164 0
201 -68 -169 0
201 -68 -178 0
201 -68 -185 0
201 -68 -194 0
201 -68 -200 0
201 -69 -90 0
201 -69 -96 0
201 -69 -97 0
201 -69 -100 0
201 -69 -142 0
201 -69 -146 0
201 -69 -147 0
201 -69 -154 0
201 -69 -158 0
201 -69 -160 0
201 -69 -170 0
201 -70 -73 0
201 -70 -80 0
201 -70 -92 0
201 -70 -98 0
201 -70 -105 0
201 -70 -108 0
201 -70 -127 0
201 -70 -153 0
201 -70 -154 0
201 -70 -164 0
201 -70 -171 0
201 -70 -172 0
201 -71 -78 0
201 -71 -81 0
201 -71 -87 0
201 -71 -92 0
201 -71 -97 0
201 -71 -102 0
201 -71 -109 0
201 -71 -111 0
201 -71 -119 0
201 -71 -121 0
201 -71 -124 0
201 -71 -125 0
201 -71 -165 0
201 -71 -171 0
201 -71 -176 0
201 -71 -178 0
201 -71 -186 0
201 -71 -187 0
201 -71 -192 0
201 -72 -76 0
201 -72 -178 0
201 -72 -182 0
201 -72 -184 0
201 -72 -194 0
201 -72 -200 0
201 -73 -74 0
201 -73 -77 0
201 -73 -91 0
201 -73 -105 0
201 -73 -112 0
201 -73 -119 0
201 -73 -122 0
201 -73 -138 0
201 -73 -147 0
201 -73 -148 0
201 -73 -161 0
201 -73 -165 0
201 -73 -178 0
201 -73 -180 0
201 -73 -191 0
201 -74 -79 0
201 -74 -94 0
201 -74 -103 0
201 -74 -104 0
201 -74 -105 0
201 -74 -110 0
201 -74 -112 0
201 -74 -114 0
201 -74 -131 0
201 -74 -145 0
201 -74 -153 0
201 -74 -172 0
201 -74 -183 0
201 -74 -191 0
201 -74 -195 0
201 -75 -89 0
201 -75 -107 0
201 -75 -114 0
201 -75 -124 0
201 -75 -142 0
201 -75 -157 0
201 -75 -167 0
201 -75 -168 0
201 -75 -176 0
201 -75 -198 0
201 -75 -200 0
201 -76 -119 0
201 -76 -127 0
201 -76 -136 0
201 -76 -141 0
201 -76 -162 0
201 -76 -168 0
201 -76 -200 0
201 -77 -81 0
201 -77 -84 0
201 -77 -92 0
201 -77 -94 0
201 -77 -97 0
201 -77 -101 0
201 -77 -111 0
201 -77 -117 0
201 -77 -120 0
201 -77 -124 0
201 -77 -125 0
201 -77 -131 0
201 -77 -137 0
201 -77 -147 0
201 -77 -154 0
201 -77 -164 0
201 -77 -168 0
201 -77 -170 0
201 -77 -184 0
201 -77 -198 0
201 -78 -81 0
201 -78 -85 0
201 -78 -90 0
201 -78 -107 0
201 -78 -120 0
201 -78 -125 0
201 -78 -149 0
201 -78 -154 0
201 -79 -109 0
201 -79 -122 0
201 -79 -129 0
201 -79 -138 0
201 -79 -147 0
201 -79 -154 0
201 -79 -155 0
201 -79 -186 0
201 -80 -81 0
201 -80 -87 0
201 -80 -93 0
201 -80 -95 0
201 -80 -110 0
201 -80 -118 0
201 -80 -122 0
201 -80 -125 0
201 -80 -127 0
201 -80 -129 0
201 -80 -154 0
201 -80 -157 0
201 -80 -171 0
201 -80 -180 0
201 -80 -188 0
201 -80 -196 0
201 -80 -197 0
201 -81 -83 0
201 -81 -85 0
201 -81 -86 0
201 -81 -113 0
201 -81 -118 0
201 -81 -124 0
201 -81 -128 0
201 -81 -130 0
201 -81 -139 0
201 -81 -154 0
201 -81 -161 0
201 -81 -165 0
201 -81 -168 0
201 -81 -176 0
201 -81 -181 0
201 -81 -191 0
201 -82 -96 0
201 -82 -110 0
201 -82 -115 0
201 -82 -133 0
201 -82 -168 0
201 -82 -171 0
201 -82 -175 0
201 -82 -183 0
201 -82 -192 0
201 -83 -86 0
201 -83 -103 0
201 -83 -108 0
201 -83 -110 0
201 -83 -118 0
201 -83 -124 0
201 -83 -125 0
201 -83 -128 0
201 -83 -131 0
201 -83 -146 0
201 -83 -150 0
201 -83 -172 0
201 -84 -90 0
201 -84 -109 0
201 -84 -113 0
201 -84 -128 0
201 -84 -137 0
201 -84 -142 0
201 -84 -147 0
201 -84 -165 0
201 -84 -174 0
201 -84 -176 0
201 -84 -198 0
201 -85 -97 0
201 -85 -102 0
201 -85 -108 0
201 -85 -117 0
201 -85 -120 0
201 -85 -121 0
201 -85 -125 0
201 -85 -135 0
201 -85 -137 0
201 -85 -144 0
201 -85 -147 0
201 -85 -157 0
201 -85 -171 0
201 -85 -175 0
201 -86 -93 0
201 -86 -101 0
201 -86 -113 0
201 -86 -124 0
201 -86 -197 0
201 -86 -200 0
201 -87 -88 0
201 -87 -89 0
201 -87 -93 0
201 -87 -96 0
201 -87 -100 0
201 -87 -102 0
201 -87 -108 0
201 -87 -120 0
201 -87 -127 0
201 -87 -132 0
201 -87 -146 0
201 -87 -151 0
201 -87 -157 0
201 -87 -160 0
201 -87 -173 0
201 -87 -187 0
201 -87 -189 0
201 -87 -190 0
201 -87 -191 0
201 -87 -199 0
201 -88 -102 0
201 -88 -119 0
201 -88 -130 0
201 -88 -142 0
201 -88 -154 0
201 -88 -155 0
201 -88 -169 0
201 -88 -176 0
201 -88 -181 0
201 -88 -186 0
201 -88 -187 0
201 -88 -189 0
201 -89 -96 0
201 -89 -99 0
201 -89 -105 0
201 -89 -115 0
201 -89 -130 0
201 -89 -138 0
201 -89 -145 0
201 -89 -146 0
201 -89 -152 0
201 -89 -169 0
201 -89 -173 0
201 -89 -182 0
201 -90 -94 0
201 -90 -111 0
201 -90 -118 0
201 -90 -121 0
201 -90 -143 0
201 -90 -149 0
201 -90 -163 0
201 -90 -168 0
201 -90 -187 0
201 -90 -197 0
201 -91 -100 0
201 -91 -130 0
201 -91 -144 0
201 -91 -149 0
201 -91 -182 0
201 -91 -186 0
201 -91 -189 0
201 -91 -195 0
201 -91 -198 0
201 -92 -98 0
201 -92 -105 0
201 -92 -117 0
201 -92 -120 0
201 -92 -129 0
201 -92 -131 0
201 -92 -139 0
201 -92 -144 0
201 -92 -145 0
201 -92 -159 0
201 -92 -185 0
201 -92 -193 0
201 -93 -103 0
201 -93 -109 0
201 -93 -114 0
201 -93 -126 0
201 -93 -147 0
201 -93 -148 0
201 -93 -160 0
201 -93 -164 0
201 -93 -185 0
201 -93 -189 0
201 -93 -194 0
201 -94 -112 0
201 -94 -121 0
201 -94 -131 0
201 -94 -133 0
201 -94 -135 0
201 -94 -154 0
201 -94 -155 0
201 -94 -167 0
201 -94 -178 0
201 -94 -182 0
201 -94 -192 0
201 -94 -199 0
201 -94 -200 0
201 -95 -99 0
201 -95 -115 0
201 -95 -120 0
201 -95 -129 0
201 -95 -130 0
201 -95 -142 0
201 -95 -150 0
201 -95 -157 0
201 -95 -180 0
201 -95 -182 0
201 -96 -98 0
201 -96 -122 0
201 -96 -140 0
201 -96 -156 0
201 -96 -167 0
201 -96 -174 0
201 -96 -179 0
201 -96 -192 0
201 -97 -110 0
201 -97 -111 0
201 -97 -124 0
201 -97 -131 0
201 -97 -133 0
201 -97 -134 0
201 -97 -145 0
201 -97 -157 0
201 -97 -160 0
201 -97 -162 0
201 -97 -165 0
201 -97 -177 0
201 -97 -178 0
201 -98 -195 0
201 -99 -110 0
201 -99 -123 0
201 -99 -128 0
201 -99 -146 0
201 -99 -166 0
201 -99 -172 0
201 -99 -185 0
201 -100 -106 0
201 -100 -109 0
201 -100 -122 0
201 -100 -126 0
201 -100 -128 0
201 -100 -130 0
201 -100 -134 0
201 -100 -152 0
201 -100 -157 0
201 -100 -191 0
201 -100 -192 0
201 -101 -106 0
201 -101 -119 0
201 -101 -140 0
201 -101 -173 0
201 -101 -190 0
201 -101 -191 0
201 -101 -194 0
201 -101 -199 0
201 -102 -106 0
201 -102 -122 0
201 -102 -130 0
201 -102 -134 0
201 -102 -184 0
201 -102 -187 0
201 -102 -198 0
201 -102 -199 0
201 -103 -120 0
201 -103 -123 0
201 -103 -126 0
201 -103 -127 0
201 -103 -134 0
201 -103 -136 0
201 -103 -148 0
201 -103 -158 0
201 -103 -164 0
201 -103 -169 0
201 -103 -186 0
201 -103 -189 0
201 -104 -111 0
201 -104 -119 0
201 -104 -123 0
201 -104 -124 0
201 -104 -127 0
201 -104 -129 0
201 -104 -130 0
201 -104 -131 0
201 -104 -132 0
201 -104 -154 0
201 -104 -166 0
201 -104 -170 0
201 -105 -106 0
201 -105 -113 0
201 -105 -137 0
201 -105 -144 0
201 -105 -152 0
201 -105 -159 0
201 -105 -183 0
201 -105 -187 0
201 -105 -197 0
201 -105 -198 0
201 -106 -134 0
201 -106 -139 0
201 -106 -143 0
201 -106 -152 0
201 -106 -160 0
201 -106 -177 0
201 -106 -180 0
201 -106 -196 0
201 -107 -115 0
201 -107 -122 0
201 -107 -133 0
201 -107 -142 0
201 -107 -148 0
201 -107 -157 0
201 -107 -160 0
201 -107 -198 0
201 -107 -200 0
201 -108 -114 0
201 -108 -142 0
201 -108 -159 0
201 -108 -171 0
201 -108 -172 0
201 -108 -177 0
201 -108 -194 0
201 -108 -198 0
201 -109 -119 0
201 -109 -132 0
201 -109 -136 0
201 -109 -141 0
201 -109 -156 0
201 -109 -166 0
201 -109 -173 0
201 -109 -182 0
201 -109 -185 0
201 -110 -150 0
201 -110 -170 0
201 -110 -175 0
201 -110 -178 0
201 -110 -186 0
201 -110 -193 0
201 -111 -119 0
201 -111 -121 0
201 -111 -131 0
201 -111 -144 0
201 -111 -147 0
201 -111 -150 0
201 -111 -157 0
201 -111 -166 0
201 -111 -169 0
201 -111 -176 0
201 -111 -190 0
201 -111 -192 0
201 -112 -115 0
201 -112 -129 0
201 -112 -132 0
201 -112 -133 0
201 -112 -135 0
201 -112 -138 0
201 -112 -139 0
201 -112 -147 0
201 -112 -167 0
201 -112 -169 0
201 -112 -173 0
201 -112 -183 0
201 -112 -184 0
201 -112 -186 0
201 -112 -190 0
201 -112 -195 0
201 -113 -127 0
201 -113 -128 0
201 -113 -132 0
201 -113 -138 0
201 -113 -145 0
201 -113 -149 0
201 -113 -159 0
201 -113 -168 0
201 -113 -174 0
201 -113 -193 0
201 -113 -199 0
201 -114 -122 0
201 -114 -130 0
201 -114 -141 0
201 -114 -142 0
201 -114 -150 0
201 -114 -152 0
201 -114 -166 0
201 -114 -171 0
201 -114 -172 0
201 -114 -177 0
201 -114 -184 0
201 -114 -186 0
201 -114 -194 0
201 -115 -117 0
201 -115 -122 0
201 -115 -123 0
201 -115 -127 0
201 -115 -128 0
201 -115 -131 0
201 -115 -155 0
201 -115 -156 0
201 -115 -157 0
201 -115 -161 0
201 -115 -164 0
201 -115 -180 0
201 -115 -189 0
201 -116 -117 0
201 -116 -121 0
201 -116 -135 0
201 -116 -138 0
201 -116 -143 0
201 -116 -159 0
201 -116 -177 0
201 -116 -179 0
201 -117 -122 0
201 -117 -130 0
201 -117 -131 0
201 -117 -134 0
201 -117 -158 0
201 -117 -159 0
201 -117 -171 0
201 -117 -183 0
201 -117 -184 0
201 -117 -198 0
201 -117 -200 0
201 -118 -120 0
201 -118 -128 0
201 -118 -137 0
201 -118 -151 0
201 -118 -165 0
201 -118 -185 0
201 -118 -188 0
201 -119 -121 0
201 -119 -167 0
201 -119 -188 0
201 -120 -121 0
201 -120 -125 0
201 -120 -131 0
201 -120 -157 0
201 -120 -161 0
201 -120 -177 0
201 -120 -181 0
201 -120 -191 0
201 -120 -192 0
201 -120 -196 0
201 -120 -199 0
201 -120 -200 0
201 -121 -122 0
201 -121 -123 0
201 -121 -124 0
201 -121 -125 0
201 -121 -126 0
201 -121 -131 0
201 -121 -132 0
201 -121 -138 0
201 -121 -149 0
201 -121 -168 0
201 -121 -170 0
201 -121 -180 0
201 -122 -131 0
201 -122 -138 0
201 -122 -148 0
201 -122 -152 0
201 -122 -159 0
201 -122 -164 0
201 -122 -166 0
201 -122 -168 0
201 -122 -181 0
201 -122 -194 0
201 -123 -140 0
201 -123 -153 0
201 -123 -161 0
201 -123 -162 0
201 -123 -185 0
201 -123 -191 0
201 -124 -128 0
201 -124 -132 0
201 -124 -134 0
201 -124 -143 0
201 -124 -149 0
201 -124 -150 0
201 -124 -163 0
201 -124 -165 0
201 -124 -166 0
201 -124 -168 0
201 -124 -179 0
201 -124 -184 0
201 -124 -185 0
201 -124 -195 0
201 -125 -130 0
201 -125 -168 0
201 -125 -175 0
201 -125 -181 0
201 -125 -186 0
201 -125 -195 0
201 -125 -198 0
201 -126 -132 0
201 -126 -148 0
201 -126 -152 0
201 -126 -164 0
201 -126 -169 0
201 -127 -128 0
201 -127 -148 0
201 -127 -154 0
201 -127 -164 0
201 -127 -171 0
201 -127 -177 0
201 -127 -183 0
201 -128 -141 0
201 -128 -147 0
201 -128 -151 0
201 -128 -161 0
201 -128 -188 0
201 -128 -198 0
201 -128 -199 0
201 -129 -137 0
201 -129 -139 0
201 -129 -158 0
201 -129 -165 0
201 -130 -132 0
201 -130 -151 0
201 -130 -155 0
201 -130 -156 0
201 -130 -170 0
201 -130 -176 0
201 -130 -185 0
201 -130 -191 0
201 -131 -144 0
201 -131 -148 0
201 -131 -152 0
201 -131 -154 0
201 -131 -156 0
201 -131 -160 0
201 -131 -161 0
201 -131 -163 0
201 -131 -166 0
201 -131 -189 0
201 -131 -192 0
201 -131 -194 0
201 -132 -145 0
201 -132 -155 0
201 -132 -163 0
201 -132 -164 0
201 -132 -165 0
201 -132 -175 0
201 -132 -188 0
201 -132 -192 0
201 -133 -135 0
201 -133 -167 0
201 -133 -192 0
201 -134 -150 0
201 -134 -152 0
201 -134 -165 0
201 -134 -167 0
201 -134 -186 0
201 -134 -196 0
201 -134 -200 0
201 -135 -151 0
201 -135 -155 0
201 -135 -166 0
201 -135 -167 0
201 -135 -170 0
201 -135 -178 0
201 -135 -182 0
201 -135 -190 0
201 -135 -195 0
201 -136 -138 0
201 -136 -141 0
201 -136 -153 0
201 -136 -166 0
201 -136 -172 0
201 -136 -180 0
201 -137 -166 0
201 -137 -175 0
201 -137 -181 0
201 -137 -189 0
201 -137 -190 0
201 -137 -195 0
201 -137 -198 0
201 -138 -159 0
201 -138 -162 0
201 -138 -183 0
201 -139 -143 0
201 -139 -189 0
201 -140 -150 0
201 -140 -152 0
201 -140 -165 0
201 -140 -173 0
201 -140 -181 0
201 -140 -191 0
201 -140 -195 0
201 -140 -198 0
201 -141 -161 0
201 -141 -176 0
201 -142 -157 0
201 -142 -183 0
201 -142 -184 0
201 -142 -197 0
201 -142 -198 0
201 -143 -165 0
201 -143 -175 0
201 -143 -189 0
201 -143 -190 0
201 -144 -158 0
201 -144 -176 0
201 -144 -197 0
201 -145 -161 0
201 -145 -170 0
201 -145 -172 0
201 -145 -182 0
201 -145 -192 0
201 -145 -195 0
201 -146 -160 0
201 -146 -183 0
201 -146 -189 0
201 -146 -194 0
201 -146 -197 0
201 -147 -170 0
201 -147 -171 0
201 -147 -173 0
201 -147 -179 0
201 -147 -191 0
201 -148 -164 0
201 -148 -171 0
201 -148 -189 0
201 -149 -157 0
201 -149 -162 0
201 -149 -168 0
201 -149 -174 0
201 -149 -184 0
201 -150 -161 0
201 -150 -163 0
201 -150 -168 0
201 -150 -181 0
201 -150 -188 0
201 -151 -161 0
201 -151 -162 0
201 -151 -181 0
201 -151 -188 0
201 -151 -199 0
201 -152 -156 0
201 -152 -200 0
201 -153 -162 0
201 -153 -178 0
201 -153 -190 0
201 -154 -156 0
201 -154 -182 0
201 -154 -195 0
201 -155 -164 0
201 -155 -167 0
201 -155 -173 0
201 -155 -179 0
201 -155 -196 0
201 -156 -163 0
201 -156 -169 0
201 -156 -171 0
201 -156 -181 0
201 -156 -183 0
201 -156 -191 0
201 -156 -196 0
201 -157 -161 0
201 -157 -174 0
201 -157 -181 0
201 -157 -182 0
201 -157 -198 0
201 -158 -166 0
201 -158 -170 0
201 -158 -171 0
201 -158 -176 0
201 -158 -185 0
201 -158 -190 0
201 -159 -173 0
201 -159 -174 0
201 -159 -177 0
201 -159 -180 0
201 -159 -184 0
201 -159 -188 0
201 -159 -200 0
201 -160 -162 0
201 -160 -164 0
201 -160 -192 0
201 -160 -200 0
201 -161 -165 0
201 -161 -179 0
201 -161 -184 0
201 -161 -190 0
201 -162 -165 0
201 -162 -181 0
201 -162 -183 0
201 -162 -186 0
201 -162 -191 0
201 -162 -192 0
201 -163 -171 0
201 -163 -180 0
201 -163 -183 0
201 -163 -184 0
201 -163 -190 0
201 -163 -196 0
201 -163 -198 0
201 -164 -183 0
201 -164 -184 0
201 -164 -185 0
201 -164 -194 0
201 -164 -200 0
201 -165 -166 0
201 -165 -171 0
201 -165 -173 0
201 -165 -179 0
201 -165 -180 0
201 -165 -188 0
201 -165 -193 0
201 -165 -200 0
201 -166 -173 0
201 -166 -182 0
201 -166 -191 0
201 -166 -198 0
201 -167 -190 0
201 -168 -180 0
201 -168 -191 0
201 -168 -192 0
201 -168 -193 0
201 -169 -187 0
201 -170 -171 0
201 -170 -196 0
201 -171 -185 0
201 -171 -192 0
201 -171 -196 0
201 -172 -177 0
201 -172 -186 0
201 -173 -176 0
201 -173 -183 0
201 -173 -187 0
201 -173 -191 0
201 -173 -195 0
201 -173 -200 0
201 -174 -192 0
201 -175 -182 0
201 -175 -188 0
201 -175 -189 0
201 -175 -190 0
201 -175 -192 0
201 -175 -198 0
201 -175 -200 0
201 -177 -186 0
201 -179 -184 0
201 -179 -186 0
201 -179 -189 0
201 -179 -192 0
201 -180 -184 0
201 -180 -192 0
201 -181 -190 0
201 -181 -191 0
201 -181 -196 0
201 -181 -199 0
201 -182 -183 0
201 -182 -186 0
201 -182 -194 0
201 -182 -198 0
201 -183 -192 0
201 -183 -193 0
201 -183 -197 0
201 -184 -187 0
201 -184 -190 0
201 -184 -192 0
201 -184 -197 0
201 -185 -187 0
201 -185 -196 0
201 -185 -198 0
201 -186 -194 0
201 -188 -191 0
201 -189 -190 0
201 -192 -193 0
201 -197 -198 0
201 -197 -200 0
1 1 0
1 2 0
1 3 0
1 4 0
1 5 0
1 6 0
1 7 0
1 8 0
1 9 0
1 10 0
1 11 0
1 12 0
1 13 0
1 14 0
1 15 0
1 16 0
1 17 0
1 18 0
1 19 0
1 20 0
1 21 0
1 22 0
1 23 0
1 24 0
1 25 0
1 26 0
1 27 0
1 28 0
1 29 0
1 30 0
1 31 0
1 32 0
1 33 0
1 34 0
1 35 0
1 36 0
1 37 0
1 38 0
1 39 0
1 40 0
1 41 0
1 42 0
1 43 0
1 44 0
1 45 0
1 46 0
1 47 0
1 48 0
1 49 0
1 50 0
1 51 0
1 52 0
1 53 0
1 54 0
1 55 0
1 56 0
1 57 0
1 58 0
1 59 0
1 60 0
1 61 0
1 62 0
1 63 0
1 64 0
1 65 0
1 66 0
1 67 0
1 68 0
1 69 0
1 70 0
1 71 0
1 72 0
1 73 0
1 74 0
1 75 0
1 76 0
1 77 0
1 78 0
1 79 0
1 80 0
1 81 0
1 82 0
1 83 0
1 84 0
1 85 0
1 86 0
1 87 0
1 88 0
1 89 0
1 90 0
1 91 0
1 92 0
1 93 0
1 94 0
1 95 0
1 96 0
1 97 0
1 98 0
1 99 0
1 100 0
1 101 0
1 102 0
1 103 0
1 104 0
1 105 0
1 106 0
1 107 0
1 108 0
1 109 0
1 110 0
1 111 0
1 112 0
1 113 0
1 114 0
1 115 0
1 116 0
1 117 0
1 118 0
1 119 0
1 120 0
1 121 0
1 122 0
1 123 0
1 124 0
1 125 0
1 126 0
1 127 0
1 128 0
1 129 0
1 130 0
1 131 0
1 132 0
1 133 0
1 134 0
1 135 0
1 136 0
1 137 0
1 138 0
1 139 0
1 140 0
1 141 0
1 142 0
1 143 0
1 144 0
1 145 0
1 146 0
1 147 0
1 148 0
1 149 0
1 150 0
1 151 0
1 152 0
1 153 0
1 154 0
1 155 0
1 156 0
1 157 0
1 158 0
1 159 0
1 160 0
1 161 0
1 162 0
1 163 0
1 164 0
1 165 0
1 166 0
1 167 0
1 168 0
1 169 0
1 170 0
1 171 0
1 172 0
1 173 0
1 174 0
1 175 0
1 176 0
1 177 0
1 178 0
1 179 0
1 180 0
1 181 0
1 182 0
1 183 0
1 184 0
1 185 0
1 186 0
1 187 0
1 188 0
1 189 0
1 190 0
1 191 0
1 192 0
1 193 0
1 194 0
1 195 0
1 196 0
1 197 0
1 198 0
1 199 0
1 200 0
