c CNF
p wcnf 200 2190 201
201 -1 -26 0
201 -1 -37 0
201 -1 -55 0
201 -1 -64 0
201 -1 -76 0
201 -1 -111 0
201 -1 -144 0
201 -1 -149 0
201 -1 -150 0
201 -1 -158 0
201 -1 -167 0
201 -1 -172 0
201 -1 -192 0
201 -1 -200 0
201 -2 -17 0
201 -2 -36 0
201 -2 -37 0
201 -2 -48 0
201 -2 -69 0
201 -2 -77 0
201 -2 -79 0
201 -2 -82 0
201 -2 -99 0
201 -2 -100 0
201 -2 -110 0
201 -2 -111 0
201 -2 -118 0
201 -2 -129 0
201 -2 -131 0
201 -2 -141 0
201 -2 -146 0
201 -2 -151 0
201 -2 -159 0
201 -2 -160 0
201 -2 -166 0
201 -2 -168 0
201 -2 -172 0
201 -2 -186 0
201 -2 -199 0
201 -3 -7 0
201 -3 -11 0
201 -3 -15 0
201 -3 -16 0
201 -3 -19 0
201 -3 -21 0
201 -3 -22 0
201 -3 -34 0
201 -3 -80 0
201 -3 -88 0
201 -3 -105 0
201 -3 -117 0
201 -3 -142 0
201 -3 -151 0
201 -3 -162 0
201 -3 -198 0
201 -4 -12 0
201 -4 -20 0
201 -4 -25 0
201 -4 -26 0
201 -4 -30 0
201 -4 -33 0
201 -4 -35 0
201 -4 -40 0
201 -4 -49 0
201 -4 -73 0
201 -4 -76 0
201 -4 -78 0
201 -4 -85 0
201 -4 -91 0
201 -4 -94 0
201 -4 -104 0
201 -4 -105 0
201 -4 -113 0
201 -4 -128 0
201 -4 -137 0
201 -4 -139 0
201 -4 -145 0
201 -4 -146 0
201 -4 -157 0
201 -4 -161 0
201 -4 -175 0
201 -4 -199 0
201 -5 -8 0
201 -5 -22 0
201 -5 -29 0
201 -5 -32 0
201 -5 -37 0
201 -5 -53 0
201 -5 -98 0
201 -5 -100 0
201 -5 -103 0
201 -5 -104 0
201 -5 -132 0
201 -5 -136 0
201 -5 -142 0
201 -5 -148 0
201 -5 -149 0
201 -5 -152 0
201 -5 -171 0
201 -5 -172 0
201 -5 -173 0
201 -5 -174 0
201 -5 -186 0
201 -5 -189 0
201 -5 -191 0
201 -6 -16 0
201 -6 -29 0
201 -6 -32 0
201 -6 -43 0
201 -6 -68 0
201 -6 -70 0
201 -6 -75 0
201 -6 -80 0
201 -6 -97 0
201 -6 -106 0
201 -6 -125 0
201 -6 -140 0
201 -6 -142 0
201 -6 -151 0
201 -6 -153 0
201 -6 -168 0
201 -6 -176 0
201 -7 -10 0
201 -7 -11 0
201 -7 -20 0
201 -7 -32 0
201 -7 -41 0
201 -7 -42 0
201 -7 -43 0
201 -7 -51 0
201 -7 -70 0
201 -7 -73 0
201 -7 -77 0
201 -7 -85 0
201 -7 -97 0
201 -7 -108 0
201 -7 -117 0
201 -7 -138 0
201 -7 -145 0
201 -7 -150 0
201 -7 -162 0
201 -7 -171 0
201 -7 -172 0
201 -7 -182 0
201 -7 -189 0
201 -8 -20 0
201 -8 -23 0
201 -8 -26 0
201 -8 -30 0
201 -8 -43 0
201 -8 -62 0
201 -8 -65 0
201 -8 -78 0
201 -8 -79 0
201 -8 -90 0
201 -8 -126 0
201 -8 -130 0
201 -8 -136 0
201 -8 -147 0
201 -8 -168 0
201 -8 -169 0
201 -8 -171 0
201 -8 -173 0
201 -8 -189 0
201 -9 -10 0
201 -9 -14 0
201 -9 -16 0
201 -9 -22 0
201 -9 -28 0
201 -9 -33 0
201 -9 -44 0
201 -9 -57 0
201 -9 -64 0
201 -9 -82 0
201 -9 -132 0
201 -9 -135 0
201 -9 -139 0
201 -9 -154 0
201 -9 -156 0
201 -9 -182 0
201 -9 -186 0
201 -9 -197 0
201 -10 -14 0
201 -10 -18 0
201 -10 -25 0
201 -10 -26 0
201 -10 -31 0
201 -10 -32 0
201 -10 -39 0
201 -10 -41 0
201 -10 -46 0
201 -10 -68 0
201 -10 -78 0
201 -10 -82 0
201 -10 -86 0
201 -10 -88 0
201 -10 -94 0
201 -10 -119 0
201 -10 -124 0
201 -10 -131 0
201 -10 -133 0
201 -10 -142 0
201 -10 -146 0
201 -10 -163 0
201 -10 -164 0
201 -10 -196 0
201 -10 -199 0
201 -11 -19 0
201 -11 -46 0
201 -11 -68 0
201 -11 -78 0
201 -11 -89 0
201 -11 -96 0
201 -11 -114 0
201 -11 -115 0
201 -11 -116 0
201 -11 -146 0
201 -11 -164 0
201 -11 -167 0
201 -11 -171 0
201 -11 -174 0
201 -11 -180 0
201 -11 -181 0
201 -11 -182 0
201 -11 -184 0
201 -11 -189 0
201 -11 -197 0
201 -12 -31 0
201 -12 -38 0
201 -12 -46 0
201 -12 -48 0
201 -12 -72 0
201 -12 -75 0
201 -12 -80 0
201 -12 -102 0
201 -12 -130 0
201 -12 -140 0
201 -12 -151 0
201 -12 -152 0
201 -12 -162 0
201 -12 -166 0
201 -12 -196 0
201 -13 -24 0
201 -13 -26 0
201 -13 -35 0
201 -13 -41 0
201 -13 -46 0
201 -13 -49 0
201 -13 -64 0
201 -13 -88 0
201 -13 -111 0
201 -13 -127 0
201 -13 -146 0
201 -13 -172 0
201 -13 -182 0
201 -14 -34 0
201 -14 -44 0
201 -14 -47 0
201 -14 -49 0
201 -14 -59 0
201 -14 -120 0
201 -14 -127 0
201 -14 -134 0
201 -14 -140 0
201 -14 -156 0
201 -14 -168 0
201 -14 -185 0
201 -14 -189 0
201 -14 -194 0
201 -15 -23 0
201 -15 -44 0
201 -15 -48 0
201 -15 -59 0
201 -15 -66 0
201 -15 -85 0
201 -15 -97 0
201 -15 -98 0
201 -15 -99 0
201 -15 -122 0
201 -15 -125 0
201 -15 -126 0
201 -15 -131 0
201 -15 -138 0
201 -15 -160 0
201 -15 -184 0
201 -15 -189 0
201 -15 -200 0
201 -16 -26 0
201 -16 -33 0
201 -16 -50 0
201 -16 -54 0
201 -16 -71 0
201 -16 -75 0
201 -16 -111 0
201 -16 -112 0
201 -16 -116 0
201 -16 -131 0
201 -16 -145 0
201 -16 -170 0
201 -16 -175 0
201 -16 -181 0
201 -16 -187 0
201 -16 -199 0
201 -16 -200 0
201 -17 -31 0
201 -17 -36 0
201 -17 -54 0
201 -17 -66 0
201 -17 -69 0
201 -17 -86 0
201 -17 -88 0
201 -17 -92 0
201 -17 -97 0
201 -17 -103 0
201 -17 -124 0
201 -17 -125 0
201 -17 -131 0
201 -17 -137 0
201 -17 -154 0
201 -17 -155 0
201 -17 -165 0
201 -17 -186 0
201 -17 -187 0
201 -17 -197 0
201 -17 -199 0
201 -18 -36 0
201 -18 -49 0
201 -18 -60 0
201 -18 -76 0
201 -18 -78 0
201 -18 -86 0
201 -18 -90 0
201 -18 -94 0
201 -18 -98 0
201 -18 -117 0
201 -18 -135 0
201 -18 -156 0
201 -18 -157 0
201 -18 -158 0
201 -18 -170 0
201 -19 -24 0
201 -19 -42 0
201 -19 -48 0
201 -19 -55 0
201 -19 -60 0
201 -19 -63 0
201 -19 -80 0
201 -19 -90 0
201 -19 -101 0
201 -19 -102 0
201 -19 -125 0
201 -19 -130 0
201 -19 -150 0
201 -19 -158 0
201 -19 -162 0
201 -19 -200 0
201 -20 -31 0
201 -20 -35 0
201 -20 -37 0
201 -20 -65 0
201 -20 -67 0
201 -20 -68 0
201 -20 -78 0
201 -20 -80 0
201 -20 -81 0
201 -20 -86 0
201 -20 -99 0
201 -20 -108 0
201 -20 -116 0
201 -20 -119 0
201 -20 -125 0
201 -20 -131 0
201 -20 -142 0
201 -20 -146 0
201 -20 -147 0
201 -20 -155 0
201 -20 -184 0
201 -20 -191 0
201 -20 -200 0
201 -21 -22 0
201 -21 -28 0
201 -21 -31 0
201 -21 -32 0
201 -21 -46 0
201 -21 -49 0
201 -21 -56 0
201 -21 -105 0
201 -21 -109 0
201 -21 -132 0
201 -21 -196 0
201 -22 -23 0
201 -22 -46 0
201 -22 -53 0
201 -22 -75 0
201 -22 -78 0
201 -22 -104 0
201 -22 -105 0
201 -22 -122 0
201 -22 -146 0
201 -22 -159 0
201 -22 -164 0
201 -22 -174 0
201 -22 -175 0
201 -22 -179 0
201 -22 -180 0
201 -22 -184 0
201 -22 -194 0
201 -22 -197 0
201 -23 -25 0
201 -23 -31 0
201 -23 -39 0
201 -23 -41 0
201 -23 -44 0
201 -23 -60 0
201 -23 -63 0
201 -23 -68 0
201 -23 -95 0
201 -23 -96 0
201 -23 -108 0
201 -23 -112 0
201 -23 -114 0
201 -23 -121 0
201 -23 -124 0
201 -23 -125 0
201 -23 -129 0
201 -23 -131 0
201 -23 -157 0
201 -23 -159 0
201 -23 -162 0
201 -23 -164 0
201 -23 -173 0
201 -23 -177 0
201 -23 -180 0
201 -23 -181 0
201 -23 -184 0
201 -23 -185 0
201 -24 -27 0
201 -24 -28 0
201 -24 -33 0
201 -24 -35 0
201 -24 -37 0
201 -24 -60 0
201 -24 -61 0
201 -24 -62 0
201 -24 -76 0
201 -24 -87 0
201 -24 -108 0
201 -24 -114 0
201 -24 -123 0
201 -24 -124 0
201 -24 -128 0
201 -24 -137 0
201 -24 -144 0
201 -24 -146 0
201 -24 -165 0
201 -24 -178 0
201 -24 -188 0
201 -24 -195 0
201 -24 -198 0
201 -24 -199 0
201 -25 -37 0
201 -25 -38 0
201 -25 -40 0
201 -25 -49 0
201 -25 -52 0
201 -25 -54 0
201 -25 -57 0
201 -25 -87 0
201 -25 -101 0
201 -25 -103 0
201 -25 -109 0
201 -25 -118 0
201 -25 -122 0
201 -25 -126 0
201 -25 -134 0
201 -25 -136 0
201 -25 -148 0
201 -25 -157 0
201 -25 -173 0
201 -25 -181 0
201 -25 -183 0
201 -25 -189 0
201 -25 -190 0
201 -26 -29 0
201 -26 -40 0
201 -26 -55 0
201 -26 -56 0
201 -26 -61 0
201 -26 -65 0
201 -26 -75 0
201 -26 -90 0
201 -26 -102 0
201 -26 -115 0
201 -26 -118 0
201 -26 -127 0
201 -26 -130 0
201 -26 -133 0
201 -26 -140 0
201 -26 -150 0
201 -26 -154 0
201 -26 -165 0
201 -26 -172 0
201 -26 -185 0
201 -26 -200 0
201 -27 -38 0
201 -27 -48 0
201 -27 -54 0
201 -27 -55 0
201 -27 -94 0
201 -27 -97 0
201 -27 -114 0
201 -27 -136 0
201 -27 -139 0
201 -27 -141 0
201 -27 -142 0
201 -27 -148 0
201 -27 -157 0
201 -27 -172 0
201 -27 -188 0
201 -28 -32 0
201 -28 -33 0
201 -28 -37 0
201 -28 -39 0
201 -28 -56 0
201 -28 -85 0
201 -28 -88 0
201 -28 -93 0
201 -28 -95 0
201 -28 -111 0
201 -28 -137 0
201 -28 -138 0
201 -28 -180 0
201 -28 -194 0
201 -29 -35 0
201 -29 -39 0
201 -29 -47 0
201 -29 -48 0
201 -29 -57 0
201 -29 -77 0
201 -29 -82 0
201 -29 -85 0
201 -29 -88 0
201 -29 -102 0
201 -29 -106 0
201 -29 -111 0
201 -29 -130 0
201 -29 -168 0
201 -29 -169 0
201 -29 -182 0
201 -30 -32 0
201 -30 -47 0
201 -30 -53 0
201 -30 -54 0
201 -30 -59 0
201 -30 -71 0
201 -30 -98 0
201 -30 -102 0
201 -30 -109 0
201 -30 -112 0
201 -30 -120 0
201 -30 -122 0
201 -30 -126 0
201 -30 -128 0
201 -30 -142 0
201 -30 -152 0
201 -30 -167 0
201 -30 -178 0
201 -31 -54 0
201 -31 -79 0
201 -31 -86 0
201 -31 -96 0
201 -31 -102 0
201 -31 -123 0
201 -31 -130 0
201 -31 -160 0
201 -31 -166 0
201 -31 -175 0
201 -31 -191 0
201 -31 -200 0
201 -32 -34 0
201 -32 -43 0
201 -32 -48 0
201 -32 -57 0
201 -32 -67 0
201 -32 -69 0
201 -32 -77 0
201 -32 -89 0
201 -32 -109 0
201 -32 -129 0
201 -32 -143 0
201 -32 -144 0
201 -32 -156 0
201 -32 -165 0
201 -32 -166 0
201 -32 -194 0
201 -32 -195 0
201 -33 -40 0
201 -33 -58 0
201 -33 -68 0
201 -33 -72 0
201 -33 -87 0
201 -33 -101 0
201 -33 -127 0
201 -33 -148 0
201 -33 -155 0
201 -33 -179 0
201 -33 -185 0
201 -33 -188 0
201 -33 -195 0
201 -34 -46 0
201 -34 -47 0
201 -34 -49 0
201 -34 -51 0
201 -34 -65 0
201 -34 -66 0
201 -34 -91 0
201 -34 -96 0
201 -34 -110 0
201 -34 -117 0
201 -34 -128 0
201 -34 -141 0
201 -34 -144 0
201 -34 -162 0
201 -34 -187 0
201 -34 -194 0
201 -35 -40 0
201 -35 -54 0
201 -35 -57 0
201 -35 -61 0
201 -35 -75 0
201 -35 -80 0
201 -35 -84 0
201 -35 -92 0
201 -35 -136 0
201 -35 -141 0
201 -35 -149 0
201 -35 -152 0
201 -35 -158 0
201 -35 -161 0
201 -35 -173 0
201 -35 -181 0
201 -35 -191 0
201 -35 -196 0
201 -36 -42 0
201 -36 -45 0
201 -36 -83 0
201 -36 -85 0
201 -36 -87 0
201 -36 -100 0
201 -36 -110 0
201 -36 -115 0
201 -36 -118 0
201 -36 -134 0
201 -36 -160 0
201 -36 -167 0
201 -36 -171 0
201 -36 -176 0
201 -36 -186 0
201 -36 -196 0
201 -37 -45 0
201 -37 -58 0
201 -37 -70 0
201 -37 -71 0
201 -37 -98 0
201 -37 -100 0
201 -37 -107 0
201 -37 -115 0
201 -37 -123 0
201 -37 -140 0
201 -37 -142 0
201 -37 -150 0
201 -37 -178 0
201 -37 -182 0
201 -37 -185 0
201 -38 -44 0
201 -38 -54 0
201 -38 -60 0
201 -38 -75 0
201 -38 -82 0
201 -38 -92 0
201 -38 -95 0
201 -38 -102 0
201 -38 -106 0
201 -38 -117 0
201 -38 -124 0
201 -38 -127 0
201 -38 -138 0
201 -38 -139 0
201 -38 -148 0
201 -38 -158 0
201 -39 -60 0
201 -39 -108 0
201 -39 -112 0
201 -39 -143 0
201 -39 -147 0
201 -39 -163 0
201 -39 -165 0
201 -39 -167 0
201 -39 -175 0
201 -39 -196 0
201 -39 -199 0
201 -40 -47 0
201 -40 -48 0
201 -40 -54 0
201 -40 -70 0
201 -40 -80 0
201 -40 -87 0
201 -40 -108 0
201 -40 -118 0
201 -40 -130 0
201 -40 -140 0
201 -40 -144 0
201 -40 -145 0
201 -40 -167 0
201 -40 -177 0
201 -40 -179 0
201 -40 -184 0
201 -40 -185 0
201 -40 -187 0
201 -41 -46 0
201 -41 -49 0
201 -41 -52 0
201 -41 -53 0
201 -41 -68 0
201 -41 -94 0
201 -41 -102 0
201 -41 -103 0
201 -41 -108 0
201 -41 -112 0
201 -41 -124 0
201 -41 -127 0
201 -41 -136 0
201 -41 -139 0
201 -41 -149 0
201 -41 -155 0
201 -41 -170 0
201 -41 -180 0
201 -41 -193 0
201 -41 -195 0
201 -42 -59 0
201 -42 -62 0
201 -42 -70 0
201 -42 -71 0
201 -42 -88 0
201 -42 -95 0
201 -42 -101 0
201 -42 -107 0
201 -42 -117 0
201 -42 -124 0
201 -42 -134 0
201 -42 -146 0
201 -42 -147 0
201 -42 -148 0
201 -42 -150 0
201 -42 -176 0
201 -42 -177 0
201 -42 -181 0
201 -42 -185 0
201 -42 -189 0
201 -42 -192 0
201 -43 -54 0
201 -43 -59 0
201 -43 -64 0
201 -43 -72 0
201 -43 -82 0
201 -43 -83 0
201 -43 -91 0
201 -43 -94 0
201 -43 -101 0
201 -43 -111 0
201 -43 -120 0
201 -44 -48 0
201 -44 -51 0
201 -44 -78 0
201 -44 -82 0
201 -44 -91 0
201 -44 -112 0
201 -44 -129 0
201 -44 -140 0
201 -44 -154 0
201 -44 -156 0
201 -44 -165 0
201 -44 -173 0
201 -44 -174 0
201 -44 -179 0
201 -44 -185 0
201 -44 -190 0
201 -44 -199 0
201 -45 -64 0
201 -45 -81 0
201 -45 -94 0
201 -45 -143 0
201 -45 -150 0
201 -45 -167 0
201 -45 -170 0
201 -45 -171 0
201 -45 -175 0
201 -45 -200 0
201 -46 -66 0
201 -46 -70 0
201 -46 -82 0
201 -46 -83 0
201 -46 -96 0
201 -46 -102 0
201 -46 -135 0
201 -46 -137 0
201 -46 -148 0
201 -46 -166 0
201 -46 -171 0
201 -47 -64 0
201 -47 -67 0
201 -47 -73 0
201 -47 -74 0
201 -47 -95 0
201 -47 -107 0
201 -47 -122 0
201 -47 -135 0
201 -47 -142 0
201 -47 -147 0
201 -47 -148 0
201 -47 -153 0
201 -47 -154 0
201 -47 -165 0
201 -47 -177 0
201 -47 -198 0
201 -47 -200 0
201 -48 -54 0
201 -48 -76 0
201 -48 -78 0
201 -48 -85 0
201 -48 -91 0
201 -48 -97 0
201 -48 -98 0
201 -48 -105 0
201 -48 -111 0
201 -48 -125 0
201 -48 -138 0
201 -48 -141 0
201 -48 -161 0
201 -48 -174 0
201 -48 -175 0
201 -48 -176 0
201 -48 -184 0
201 -48 -186 0
201 -48 -188 0
201 -48 -191 0
201 -48 -193 0
201 -48 -199 0
201 -48 -200 0
201 -49 -53 0
201 -49 -66 0
201 -49 -76 0
201 -49 -81 0
201 -49 -86 0
201 -49 -108 0
201 -49 -112 0
201 -49 -117 0
201 -49 -119 0
201 -49 -124 0
201 -49 -126 0
201 -49 -127 0
201 -49 -128 0
201 -49 -136 0
201 -49 -144 0
201 -49 -149 0
201 -49 -151 0
201 -49 -154 0
201 -49 -191 0
201 -49 -199 0
201 -50 -60 0
201 -50 -62 0
201 -50 -79 0
201 -50 -85 0
201 -50 -115 0
201 -50 -141 0
201 -50 -145 0
201 -50 -147 0
201 -50 -176 0
201 -50 -190 0
201 -51 -61 0
201 -51 -66 0
201 -51 -79 0
201 -51 -81 0
201 -51 -98 0
201 -51 -106 0
201 -51 -117 0
201 -51 -120 0
201 -51 -128 0
201 -51 -158 0
201 -51 -160 0
201 -51 -164 0
201 -51 -187 0
201 -52 -71 0
201 -52 -76 0
201 -52 -81 0
201 -52 -88 0
201 -52 -99 0
201 -52 -113 0
201 -52 -117 0
201 -52 -118 0
201 -52 -136 0
201 -52 -155 0
201 -52 -161 0
201 -52 -185 0
201 -52 -196 0
201 -53 -56 0
201 -53 -60 0
201 -53 -63 0
201 -53 -73 0
201 -53 -77 0
201 -53 -88 0
201 -53 -90 0
201 -53 -96 0
201 -53 -100 0
201 -53 -106 0
201 -53 -113 0
201 -53 -115 0
201 -53 -116 0
201 -53 -125 0
201 -53 -127 0
201 -53 -144 0
201 -53 -148 0
201 -53 -150 0
201 -53 -151 0
201 -53 -167 0
201 -53 -192 0
201 -54 -67 0
201 -54 -75 0
201 -54 -81 0
201 -54 -88 0
201 -54 -113 0
201 -54 -125 0
201 -54 -126 0
201 -54 -138 0
201 -54 -139 0
201 -54 -151 0
201 -54 -163 0
201 -54 -177 0
201 -54 -182 0
201 -54 -184 0
201 -54 -189 0
201 -54 -192 0
201 -54 -193 0
201 -55 -75 0
201 -55 -82 0
201 -55 -85 0
201 -55 -135 0
201 -55 -143 0
201 -55 -158 0
201 -55 -159 0
201 -55 -180 0
201 -55 -182 0
201 -55 -190 0
201 -55 -192 0
201 -55 -199 0
201 -56 -70 0
201 -56 -107 0
201 -56 -108 0
201 -56 -113 0
201 -56 -117 0
201 -56 -118 0
201 -56 -125 0
201 -56 -128 0
201 -56 -130 0
201 -56 -138 0
201 -56 -142 0
201 -56 -174 0
201 -56 -186 0
201 -57 -81 0
201 -57 -82 0
201 -57 -90 0
201 -57 -93 0
201 -57 -111 0
201 -57 -113 0
201 -57 -127 0
201 -57 -143 0
201 -57 -144 0
201 -57 -153 0
201 -57 -162 0
201 -57 -185 0
201 -57 -187 0
201 -57 -188 0
201 -57 -189 0
201 -57 -191 0
201 -57 -192 0
201 -57 -196 0
201 -58 -61 0
201 -58 -78 0
201 -58 -79 0
201 -58 -144 0
201 -58 -148 0
201 -58 -174 0
201 -58 -182 0
201 -58 -195 0
201 -58 -196 0
201 -59 -73 0
201 -59 -83 0
201 -59 -104 0
201 -59 -117 0
201 -59 -142 0
201 -59 -155 0
201 -59 -166 0
201 -59 -175 0
201 -59 -183 0
201 -59 -192 0
201 -59 -194 0
201 -59 -198 0
201 -60 -77 0
201 -60 -99 0
201 -60 -125 0
201 -60 -140 0
201 -60 -153 0
201 -60 -164 0
201 -60 -177 0
201 -60 -188 0
201 -60 -190 0
201 -61 -62 0
201 -61 -63 0
201 -61 -79 0
201 -61 -80 0
201 -61 -84 0
201 -61 -112 0
201 -61 -125 0
201 -61 -129 0
201 -61 -151 0
201 -61 -159 0
201 -61 -167 0
201 -61 -177 0
201 -61 -189 0
201 -62 -66 0
201 -62 -68 0
201 -62 -70 0
201 -62 -85 0
201 -62 -112 0
201 -62 -119 0
201 -62 -126 0
201 -62 -128 0
201 -62 -134 0
201 -62 -139 0
201 -62 -153 0
201 -62 -158 0
201 -62 -171 0
201 -62 -172 0
201 -62 -176 0
201 -62 -180 0
201 -62 -189 0
201 -63 -77 0
201 -63 -89 0
201 -63 -144 0
201 -63 -154 0
201 -63 -160 0
201 -63 -193 0
201 -64 -85 0
201 -64 -92 0
201 -64 -98 0
201 -64 -99 0
201 -64 -108 0
201 -64 -118 0
201 -64 -119 0
201 -64 -125 0
201 -64 -133 0
201 -64 -135 0
201 -64 -149 0
201 -64 -150 0
201 -64 -153 0
201 -64 -157 0
201 -64 -167 0
201 -64 -171 0
201 -64 -178 0
201 -64 -184 0
201 -64 -196 0
201 -65 -66 0
201 -65 -78 0
201 -65 -91 0
201 -65 -98 0
201 -65 -116 0
201 -65 -152 0
201 -65 -161 0
201 -65 -165 0
201 -65 -176 0
201 -65 -179 0
201 -65 -188 0
201 -65 -191 0
201 -65 -196 0
201 -66 -81 0
201 -66 -82 0
201 -66 -84 0
201 -66 -96 0
201 -66 -98 0
201 -66 -130 0
201 -66 -132 0
201 -66 -143 0
201 -66 -144 0
201 -66 -170 0
201 -66 -179 0
201 -66 -180 0
201 -66 -183 0
201 -66 -188 0
201 -66 -192 0
201 -67 -71 0
201 -67 -75 0
201 -67 -98 0
201 -67 -110 0
201 -67 -112 0
201 -67 -124 0
201 -67 -135 0
201 -67 -154 0
201 -67 -165 0
201 -67 -172 0
201 -67 -174 0
201 -67 -180 0
201 -67 -191 0
201 -67 -200 0
201 -68 -79 0
201 -68 -81 0
201 -68 -88 0
201 -68 -91 0
201 -68 -96 0
201 -68 -99 0
201 -68 -113 0
201 -68 -114 0
201 -68 -143 0
201 -68 -149 0
201 -68 -157 0
201 -68 -163 0
201 -68 -170 0
201 -68 -171 0
201 -68 -172 0
201 -68 -193 0
201 -68 -194 0
201 -68 -197 0
201 -68 -198 0
201 -69 -72 0
201 -69 -74 0
201 -69 -83 0
201 -69 -94 0
201 -69 -98 0
201 -69 -99 0
201 -69 -126 0
201 -69 -131 0
201 -69 -134 0
201 -69 -135 0
201 -69 -140 0
201 -69 -179 0
201 -69 -180 0
201 -69 -185 0
201 -69 -186 0
201 -69 -195 0
201 -69 -196 0
201 -70 -107 0
201 -70 -131 0
201 -70 -150 0
201 -70 -167 0
201 -70 -168 0
201 -70 -182 0
201 -70 -189 0
201 -71 -76 0
201 -71 -81 0
201 -71 -86 0
201 -71 -96 0
201 -71 -98 0
201 -71 -102 0
201 -71 -104 0
201 -71 -106 0
201 -71 -107 0
201 -71 -121 0
201 -71 -122 0
201 -71 -123 0
201 -71 -126 0
201 -71 -136 0
201 -71 -143 0
201 -71 -146 0
201 -71 -151 0
201 -71 -154 0
201 -71 -155 0
201 -71 -156 0
201 -71 -161 0
201 -71 -163 0
201 -71 -176 0
201 -71 -177 0
201 -71 -182 0
201 -71 -184 0
201 -71 -188 0
201 -71 -189 0
201 -71 -198 0
201 -72 -84 0
201 -72 -87 0
201 -72 -107 0
201 -72 -116 0
201 -72 -124 0
201 -72 -129 0
201 -72 -130 0
201 -72 -133 0
201 -72 -137 0
201 -72 -139 0
201 -72 -143 0
201 -72 -144 0
201 -72 -159 0
201 -72 -163 0
201 -72 -180 0
201 -72 -184 0
201 -72 -199 0
201 -73 -74 0
201 -73 -103 0
201 -73 -122 0
201 -73 -135 0
201 -73 -136 0
201 -73 -155 0
201 -73 -179 0
201 -73 -190 0
201 -74 -76 0
201 -74 -96 0
201 -74 -103 0
201 -74 -108 0
201 -74 -131 0
201 -74 -135 0
201 -74 -139 0
201 -74 -146 0
201 -74 -155 0
201 -74 -180 0
201 -74 -182 0
201 -74 -186 0
201 -75 -109 0
201 -75 -110 0
201 -75 -111 0
201 -75 -119 0
201 -75 -124 0
201 -75 -128 0
201 -75 -172 0
201 -75 -179 0
201 -75 -182 0
201 -75 -185 0
201 -75 -200 0
201 -76 -85 0
201 -76 -94 0
201 -76 -99 0
201 -76 -100 0
201 -76 -108 0
201 -76 -120 0
201 -76 -128 0
201 -76 -130 0
201 -76 -141 0
201 -76 -151 0
201 -76 -154 0
201 -76 -162 0
201 -76 -172 0
201 -76 -173 0
201 -76 -176 0
201 -76 -181 0
201 -77 -84 0
201 -77 -85 0
201 -77 -102 0
201 -77 -112 0
201 -77 -172 0
201 -77 -184 0
201 -77 -191 0
201 -77 -193 0
201 -78 -90 0
201 -78 -97 0
201 -78 -114 0
201 -78 -121 0
201 -78 -128 0
201 -78 -138 0
201 -78 -145 0
201 -78 -150 0
201 -78 -153 0
201 -78 -154 0
201 -78 -171 0
201 -78 -178 0
201 -78 -180 0
201 -79 -94 0
201 -79 -97 0
201 -79 -98 0
201 -79 -115 0
201 -79 -119 0
201 -79 -124 0
201 -79 -150 0
201 -79 -156 0
201 -79 -157 0
201 -79 -170 0
201 -79 -171 0
201 -79 -176 0
201 -79 -178 0
201 -79 -183 0
201 -79 -191 0
201 -79 -196 0
201 -80 -97 0
201 -80 -110 0
201 -80 -121 0
201 -80 -135 0
201 -80 -140 0
201 -80 -143 0
201 -80 -144 0
201 -80 -150 0
201 -80 -152 0
201 -80 -162 0
201 -80 -168 0
201 -80 -183 0
201 -80 -193 0
201 -80 -196 0
201 -80 -197 0
201 -81 -85 0
201 -81 -102 0
201 -81 -124 0
201 -81 -126 0
201 -81 -131 0
201 -81 -140 0
201 -81 -170 0
201 -81 -171 0
201 -81 -174 0
201 -81 -186 0
201 -81 -193 0
201 -82 -83 0
201 -82 -115 0
201 -82 -120 0
201 -82 -148 0
201 -82 -155 0
201 -82 -171 0
201 -82 -180 0
201 -82 -181 0
201 -82 -185 0
201 -83 -86 0
201 -83 -90 0
201 -83 -120 0
201 -83 -123 0
201 -83 -135 0
201 -83 -158 0
201 -83 -161 0
201 -83 -172 0
201 -83 -174 0
201 -83 -185 0
201 -84 -116 0
201 -84 -117 0
201 -84 -121 0
201 -84 -129 0
201 -84 -142 0
201 -84 -146 0
201 -84 -158 0
201 -84 -160 0
201 -84 -163 0
201 -84 -175 0
201 -84 -197 0
201 -85 -95 0
201 -85 -97 0
201 -85 -129 0
201 -85 -131 0
201 -85 -139 0
201 -85 -140 0
201 -85 -160 0
201 -85 -184 0
201 -85 -185 0
201 -85 -188 0
201 -86 -87 0
201 -86 -112 0
201 -86 -115 0
201 -86 -119 0
201 -86 -127 0
201 -86 -130 0
201 -86 -133 0
201 -86 -138 0
201 -86 -150 0
201 -86 -157 0
201 -86 -165 0
201 -86 -167 0
201 -86 -170 0
201 -86 -179 0
201 -86 -183 0
201 -86 -191 0
201 -86 -194 0
201 -86 -195 0
201 -87 -88 0
201 -87 -95 0
201 -87 -97 0
201 -87 -121 0
201 -87 -123 0
201 -87 -125 0
201 -87 -144 0
201 -87 -153 0
201 -87 -162 0
201 -87 -163 0
201 -87 -181 0
201 -87 -199 0
201 -88 -98 0
201 -88 -103 0
201 -88 -112 0
201 -88 -114 0
201 -88 -140 0
201 -88 -161 0
201 -88 -162 0
201 -88 -165 0
201 -88 -172 0
201 -88 -174 0
201 -88 -178 0
201 -88 -180 0
201 -88 -184 0
201 -88 -185 0
201 -88 -194 0
201 -89 -120 0
201 -89 -148 0
201 -89 -154 0
201 -89 -157 0
201 -89 -161 0
201 -89 -193 0
201 -90 -92 0
201 -90 -96 0
201 -90 -104 0
201 -90 -109 0
201 -90 -119 0
201 -90 -121 0
201 -90 -133 0
201 -90 -168 0
201 -90 -177 0
201 -90 -179 0
201 -90 -198 0
201 -91 -97 0
201 -91 -98 0
201 -91 -106 0
201 -91 -115 0
201 -91 -118 0
201 -91 -120 0
201 -91 -133 0
201 -91 -142 0
201 -91 -149 0
201 -91 -157 0
201 -91 -186 0
201 -91 -188 0
201 -91 -189 0
201 -91 -191 0
201 -91 -196 0
201 -92 -94 0
201 -92 -101 0
201 -92 -108 0
201 -92 -117 0
201 -92 -162 0
201 -92 -167 0
201 -92 -174 0
201 -92 -185 0
201 -93 -94 0
201 -93 -105 0
201 -93 -108 0
201 -93 -114 0
201 -93 -127 0
201 -93 -130 0
201 -93 -131 0
201 -93 -141 0
201 -93 -148 0
201 -93 -150 0
201 -93 -188 0
201 -93 -195 0
201 -94 -104 0
201 -94 -113 0
201 -94 -115 0
201 -94 -136 0
201 -94 -140 0
201 -94 -148 0
201 -94 -155 0
201 -94 -172 0
201 -94 -184 0
201 -94 -194 0
201 -94 -195 0
201 -94 -199 0
201 -95 -115 0
201 -95 -122 0
201 -95 -130 0
201 -95 -137 0
201 -95 -138 0
201 -95 -140 0
201 -95 -155 0
201 -95 -162 0
201 -95 -165 0
201 -95 -171 0
201 -95 -179 0
201 -95 -183 0
201 -96 -100 0
201 -96 -112 0
201 -96 -118 0
201 -96 -125 0
201 -96 -135 0
201 -96 -148 0
201 -96 -165 0
201 -96 -166 0
201 -96 -172 0
201 -96 -185 0
201 -97 -113 0
201 -97 -122 0
201 -97 -125 0
201 -97 -144 0
201 -97 -184 0
201 -97 -188 0
201 -98 -122 0
201 -98 -135 0
201 -98 -139 0
201 -98 -143 0
201 -98 -146 0
201 -98 -159 0
201 -98 -172 0
201 -98 -175 0
201 -98 -179 0
201 -98 -183 0
201 -98 -194 0
201 -99 -115 0
201 -99 -116 0
201 -99 -136 0
201 -99 -152 0
201 -99 -164 0
201 -99 -171 0
201 -99 -177 0
201 -99 -186 0
201 -99 -190 0
201 -99 -197 0
201 -100 -104 0
201 -100 -132 0
201 -100 -161 0
201 -100 -173 0
201 -100 -176 0
201 -100 -180 0
201 -100 -186 0
201 -100 -188 0
201 -101 -108 0
201 -101 -115 0
201 -101 -118 0
201 -101 -125 0
201 -101 -147 0
201 -101 -149 0
201 -101 -177 0
201 -101 -199 0
201 -102 -109 0
201 -102 -113 0
201 -102 -125 0
201 -102 -130 0
201 -102 -132 0
201 -102 -144 0
201 -102 -166 0
201 -102 -172 0
201 -102 -194 0
201 -102 -197 0
201 -103 -165 0
201 -103 -166 0
201 -103 -194 0
201 -104 -114 0
201 -104 -120 0
201 -104 -125 0
201 -104 -135 0
201 -104 -137 0
201 -104 -145 0
201 -104 -149 0
201 -104 -150 0
201 -104 -155 0
201 -104 -175 0
201 -104 -179 0
201 -104 -180 0
201 -104 -183 0
201 -104 -184 0
201 -104 -190 0
201 -104 -191 0
201 -104 -192 0
201 -105 -123 0
201 -105 -131 0
201 -105 -146 0
201 -105 -153 0
201 -105 -177 0
201 -106 -111 0
201 -106 -128 0
201 -106 -155 0
201 -106 -167 0
201 -106 -176 0
201 -106 -187 0
201 -107 -110 0
201 -107 -114 0
201 -107 -124 0
201 -107 -130 0
201 -107 -134 0
201 -107 -145 0
201 -107 -153 0
201 -107 -156 0
201 -107 -168 0
201 -107 -172 0
201 -107 -173 0
201 -107 -183 0
201 -107 -196 0
201 -108 -129 0
201 -108 -139 0
201 -108 -146 0
201 -108 -147 0
201 -108 -155 0
201 -108 -157 0
201 -108 -161 0
201 -108 -167 0
201 -108 -180 0
201 -108 -188 0
201 -108 -189 0
201 -108 -199 0
201 -109 -126 0
201 -109 -148 0
201 -109 -157 0
201 -109 -158 0
201 -109 -178 0
201 -109 -180 0
201 -109 -195 0
201 -109 -200 0
201 -110 -123 0
201 -110 -124 0
201 -111 -135 0
201 -111 -150 0
201 -111 -161 0
201 -111 -170 0
201 -111 -174 0
201 -111 -181 0
201 -111 -185 0
201 -111 -188 0
201 -111 -194 0
201 -112 -124 0
201 -112 -134 0
201 -112 -169 0
201 -112 -171 0
201 -112 -180 0
201 -112 -182 0
201 -112 -197 0
201 -112 -198 0
201 -112 -200 0
201 -113 -118 0
201 -113 -119 0
201 -113 -131 0
201 -113 -134 0
201 -113 -139 0
201 -113 -154 0
201 -113 -156 0
201 -113 -173 0
201 -113 -189 0
201 -113 -193 0
201 -114 -155 0
201 -114 -165 0
201 -114 -180 0
201 -114 -197 0
201 -115 -117 0
201 -115 -141 0
201 -115 -143 0
201 -115 -151 0
201 -115 -161 0
201 -115 -175 0
201 -115 -176 0
201 -115 -184 0
201 -115 -198 0
201 -116 -125 0
201 -116 -134 0
201 -116 -139 0
201 -116 -140 0
201 -116 -150 0
201 -116 -157 0
201 -116 -161 0
201 -116 -165 0
201 -116 -184 0
201 -116 -185 0
201 -116 -191 0
201 -116 -200 0
201 -117 -119 0
201 -117 -122 0
201 -117 -124 0
201 -117 -138 0
201 -117 -139 0
201 -117 -158 0
201 -117 -162 0
201 -117 -167 0
201 -117 -183 0
201 -117 -185 0
201 -117 -191 0
201 -118 -131 0
201 -118 -136 0
201 -118 -143 0
201 -118 -144 0
201 -118 -175 0
201 -119 -132 0
201 -119 -133 0
201 -119 -139 0
201 -119 -140 0
201 -119 -146 0
201 -119 -164 0
201 -119 -173 0
201 -119 -174 0
201 -120 -144 0
201 -120 -147 0
201 -120 -187 0
201 -120 -192 0
201 -121 -142 0
201 -121 -163 0
201 -121 -179 0
201 -122 -124 0
201 -122 -128 0
201 -122 -145 0
201 -122 -146 0
201 -122 -170 0
201 -122 -194 0
201 -123 -126 0
201 -123 -128 0
201 -123 -130 0
201 -123 -140 0
201 -123 -166 0
201 -123 -172 0
201 -123 -190 0
201 -123 -194 0
201 -123 -196 0
201 -124 -130 0
201 -124 -135 0
201 -124 -138 0
201 -124 -197 0
201 -125 -132 0
201 -125 -144 0
201 -125 -150 0
201 -125 -163 0
201 -125 -170 0
201 -125 -172 0
201 -125 -177 0
201 -125 -187 0
201 -125 -197 0
201 -126 -127 0
201 -126 -129 0
201 -126 -132 0
201 -126 -148 0
201 -126 -153 0
201 -126 -172 0
201 -126 -174 0
201 -126 -178 0
201 -126 -179 0
201 -126 -186 0
201 -126 -194 0
201 -126 -197 0
201 -126 -200 0
201 -127 -143 0
201 -127 -146 0
201 -127 -153 0
201 -127 -163 0
201 -127 -164 0
201 -127 -181 0
201 -127 -195 0
201 -128 -130 0
201 -128 -135 0
201 -128 -146 0
201 -128 -147 0
201 -128 -175 0
201 -128 -179 0
201 -128 -183 0
201 -128 -185 0
201 -128 -187 0
201 -128 -192 0
201 -128 -199 0
201 -129 -132 0
201 -129 -133 0
201 -129 -140 0
201 -129 -149 0
201 -129 -151 0
201 -129 -162 0
201 -129 -176 0
201 -129 -183 0
201 -130 -137 0
201 -130 -151 0
201 -130 -159 0
201 -130 -161 0
201 -130 -163 0
201 -130 -169 0
201 -130 -171 0
201 -130 -175 0
201 -130 -178 0
201 -130 -191 0
201 -131 -135 0
201 -131 -149 0
201 -131 -168 0
201 -131 -177 0
201 -131 -179 0
201 -132 -136 0
201 -132 -154 0
201 -132 -161 0
201 -132 -172 0
201 -132 -173 0
201 -132 -182 0
201 -132 -189 0
201 -132 -193 0
201 -132 -197 0
201 -133 -172 0
201 -133 -177 0
201 -134 -136 0
201 -134 -140 0
201 -134 -148 0
201 -134 -150 0
201 -134 -153 0
201 -134 -160 0
201 -134 -163 0
201 -134 -169 0
201 -134 -175 0
201 -134 -177 0
201 -134 -179 0
201 -134 -198 0
201 -135 -143 0
201 -135 -151 0
201 -135 -180 0
201 -135 -198 0
201 -136 -167 0
201 -136 -189 0
201 -137 -138 0
201 -137 -157 0
201 -137 -167 0
201 -137 -179 0
201 -137 -188 0
201 -138 -140 0
201 -138 -143 0
201 -138 -179 0
201 -138 -186 0
201 -138 -187 0
201 -138 -188 0
201 -139 -143 0
201 -139 -146 0
201 -139 -147 0
201 -139 -172 0
201 -140 -145 0
201 -140 -146 0
201 -140 -158 0
201 -140 -184 0
201 -141 -147 0
201 -141 -155 0
201 -141 -168 0
201 -141 -179 0
201 -141 -183 0
201 -141 -194 0
201 -142 -152 0
201 -142 -163 0
201 -142 -185 0
201 -143 -149 0
201 -143 -156 0
201 -143 -157 0
201 -143 -158 0
201 -143 -162 0
201 -143 -167 0
201 -143 -168 0
201 -143 -178 0
201 -143 -185 0
201 -143 -195 0
201 -144 -153 0
201 -144 -162 0
201 -144 -166 0
201 -144 -168 0
201 -144 -181 0
201 -144 -184 0
201 -145 -181 0
201 -145 -199 0
201 -146 -155 0
201 -146 -161 0
201 -146 -162 0
201 -146 -184 0
201 -146 -193 0
201 -147 -152 0
201 -147 -154 0
201 -147 -158 0
201 -147 -165 0
201 -147 -183 0
201 -147 -194 0
201 -148 -157 0
201 -148 -159 0
201 -148 -164 0
201 -148 -167 0
201 -148 -171 0
201 -148 -175 0
201 -148 -185 0
201 -148 -187 0
201 -148 -190 0
201 -148 -192 0
201 -148 -194 0
201 -148 -195 0
201 -149 -153 0
201 -149 -161 0
201 -149 -168 0
201 -149 -182 0
201 -149 -190 0
201 -150 -163 0
201 -150 -167 0
201 -150 -173 0
201 -150 -182 0
201 -151 -157 0
201 -151 -166 0
201 -151 -192 0
201 -152 -162 0
201 -152 -190 0
201 -152 -195 0
201 -152 -196 0
201 -153 -166 0
201 -153 -172 0
201 -153 -177 0
201 -153 -182 0
201 -153 -187 0
201 -153 -196 0
201 -153 -200 0
201 -154 -175 0
201 -154 -193 0
201 -154 -200 0
201 -155 -163 0
201 -155 -168 0
201 -155 -175 0
201 -155 -186 0
201 -155 -188 0
201 -155 -197 0
201 -155 -199 0
201 -155 -200 0
201 -156 -157 0
201 -156 -168 0
201 -156 -172 0
201 -156 -176 0
201 -157 -184 0
201 -157 -192 0
201 -158 -173 0
201 -158 -175 0
201 -158 -184 0
201 -158 -186 0
201 -158 -188 0
201 -158 -192 0
201 -158 -198 0
201 -159 -172 0
201 -159 -174 0
201 -159 -200 0
201 -160 -169 0
201 -160 -171 0
201 -160 -178 0
201 -160 -186 0
201 -160 -191 0
201 -161 -170 0
201 -161 -177 0
201 -161 -178 0
201 -161 -195 0
201 -161 -196 0
201 -161 -200 0
201 -162 -164 0
201 -162 -170 0
201 -162 -185 0
201 -162 -195 0
201 -163 -173 0
201 -163 -179 0
201 -164 -171 0
201 -164 -174 0
201 -164 -183 0
201 -164 -189 0
201 -164 -190 0
201 -164 -195 0
201 -165 -166 0
201 -165 -171 0
201 -165 -179 0
201 -165 -190 0
201 -165 -191 0
201 -165 -197 0
201 -165 -198 0
201 -166 -179 0
201 -166 -180 0
201 -166 -186 0
201 -166 -196 0
201 -167 -169 0
201 -167 -191 0
201 -167 -193 0
201 -168 -169 0
201 -168 -171 0
201 -168 -173 0
201 -168 -182 0
201 -168 -184 0
201 -168 -185 0
201 -169 -198 0
201 -169 -200 0
201 -170 -171 0
201 -170 -175 0
201 -171 -192 0
201 -171 -198 0
201 -171 -199 0
201 -172 -175 0
201 -172 -192 0
201 -173 -179 0
201 -174 -200 0
201 -176 -178 0
201 -176 -192 0
201 -176 -194 0
201 -177 -193 0
201 -179 -180 0
201 -179 -182 0
201 -179 -188 0
201 -179 -196 0
201 -180 -192 0
201 -181 -196 0
201 -181 -199 0
201 -183 -194 0
201 -184 -189 0
201 -184 -192 0
201 -186 -187 0
201 -187 -193 0
201 -188 -198 0
201 -190 -193 0
201 -190 -199 0
201 -193 -197 0
1 1 0
1 2 0
1 3 0
1 4 0
1 5 0
1 6 0
1 7 0
1 8 0
1 9 0
1 10 0
1 11 0
1 12 0
1 13 0
1 14 0
1 15 0
1 16 0
1 17 0
1 18 0
1 19 0
1 20 0
1 21 0
1 22 0
1 23 0
1 24 0
1 25 0
1 26 0
1 27 0
1 28 0
1 29 0
1 30 0
1 31 0
1 32 0
1 33 0
1 34 0
1 35 0
1 36 0
1 37 0
1 38 0
1 39 0
1 40 0
1 41 0
1 42 0
1 43 0
1 44 0
1 45 0
1 46 0
1 47 0
1 48 0
1 49 0
1 50 0
1 51 0
1 52 0
1 53 0
1 54 0
1 55 0
1 56 0
1 57 0
1 58 0
1 59 0
1 60 0
1 61 0
1 62 0
1 63 0
1 64 0
1 65 0
1 66 0
1 67 0
1 68 0
1 69 0
1 70 0
1 71 0
1 72 0
1 73 0
1 74 0
1 75 0
1 76 0
1 77 0
1 78 0
1 79 0
1 80 0
1 81 0
1 82 0
1 83 0
1 84 0
1 85 0
1 86 0
1 87 0
1 88 0
1 89 0
1 90 0
1 91 0
1 92 0
1 93 0
1 94 0
1 95 0
1 96 0
1 97 0
1 98 0
1 99 0
1 100 0
1 101 0
1 102 0
1 103 0
1 104 0
1 105 0
1 106 0
1 107 0
1 108 0
1 109 0
1 110 0
1 111 0
1 112 0
1 113 0
1 114 0
1 115 0
1 116 0
1 117 0
1 118 0
1 119 0
1 120 0
1 121 0
1 122 0
1 123 0
1 124 0
1 125 0
1 126 0
1 127 0
1 128 0
1 129 0
1 130 0
1 131 0
1 132 0
1 133 0
1 134 0
1 135 0
1 136 0
1 137 0
1 138 0
1 139 0
1 140 0
1 141 0
1 142 0
1 143 0
1 144 0
1 145 0
1 146 0
1 147 0
1 148 0
1 149 0
1 150 0
1 151 0
1 152 0
1 153 0
1 154 0
1 155 0
1 156 0
1 157 0
1 158 0
1 159 0
1 160 0
1 161 0
1 162 0
1 163 0
1 164 0
1 165 0
1 166 0
1 167 0
1 168 0
1 169 0
1 170 0
1 171 0
1 172 0
1 173 0
1 174 0
1 175 0
1 176 0
1 177 0
1 178 0
1 179 0
1 180 0
1 181 0
1 182 0
1 183 0
1 184 0
1 185 0
1 186 0
1 187 0
1 188 0
1 189 0
1 190 0
1 191 0
1 192 0
1 193 0
1 194 0
1 195 0
1 196 0
1 197 0
1 198 0
1 199 0
1 200 0
