c CNF
p wcnf 171 5271 172
172 -1 -2 0
172 -1 -3 0
172 -1 -4 0
172 -1 -5 0
172 -1 -6 0
172 -1 -7 0
172 -1 -9 0
172 -1 -10 0
172 -1 -11 0
172 -1 -18 0
172 -1 -28 0
172 -1 -29 0
172 -1 -31 0
172 -1 -32 0
172 -1 -33 0
172 -1 -35 0
172 -1 -36 0
172 -1 -38 0
172 -1 -39 0
172 -1 -40 0
172 -1 -42 0
172 -1 -43 0
172 -1 -45 0
172 -1 -46 0
172 -1 -47 0
172 -1 -65 0
172 -1 -66 0
172 -1 -68 0
172 -1 -69 0
172 -1 -70 0
172 -1 -77 0
172 -1 -135 0
172 -1 -136 0
172 -1 -138 0
172 -1 -139 0
172 -1 -140 0
172 -1 -142 0
172 -1 -143 0
172 -1 -145 0
172 -1 -146 0
172 -1 -147 0
172 -1 -165 0
172 -1 -166 0
172 -1 -168 0
172 -1 -169 0
172 -1 -170 0
172 -2 -3 0
172 -2 -4 0
172 -2 -5 0
172 -2 -7 0
172 -2 -8 0
172 -2 -9 0
172 -2 -10 0
172 -2 -12 0
172 -2 -21 0
172 -2 -29 0
172 -2 -30 0
172 -2 -31 0
172 -2 -32 0
172 -2 -34 0
172 -2 -36 0
172 -2 -37 0
172 -2 -38 0
172 -2 -39 0
172 -2 -41 0
172 -2 -43 0
172 -2 -44 0
172 -2 -45 0
172 -2 -46 0
172 -2 -48 0
172 -2 -66 0
172 -2 -67 0
172 -2 -68 0
172 -2 -69 0
172 -2 -71 0
172 -2 -80 0
172 -2 -136 0
172 -2 -137 0
172 -2 -138 0
172 -2 -139 0
172 -2 -141 0
172 -2 -143 0
172 -2 -144 0
172 -2 -145 0
172 -2 -146 0
172 -2 -148 0
172 -2 -166 0
172 -2 -167 0
172 -2 -168 0
172 -2 -169 0
172 -2 -171 0
172 -3 -4 0
172 -3 -5 0
172 -3 -7 0
172 -3 -9 0
172 -3 -10 0
172 -3 -11 0
172 -3 -12 0
172 -3 -22 0
172 -3 -29 0
172 -3 -31 0
172 -3 -32 0
172 -3 -33 0
172 -3 -34 0
172 -3 -36 0
172 -3 -38 0
172 -3 -39 0
172 -3 -40 0
172 -3 -41 0
172 -3 -43 0
172 -3 -45 0
172 -3 -46 0
172 -3 -47 0
172 -3 -48 0
172 -3 -66 0
172 -3 -68 0
172 -3 -69 0
172 -3 -70 0
172 -3 -71 0
172 -3 -81 0
172 -3 -136 0
172 -3 -138 0
172 -3 -139 0
172 -3 -140 0
172 -3 -141 0
172 -3 -143 0
172 -3 -145 0
172 -3 -146 0
172 -3 -147 0
172 -3 -148 0
172 -3 -166 0
172 -3 -168 0
172 -3 -169 0
172 -3 -170 0
172 -3 -171 0
172 -4 -5 0
172 -4 -7 0
172 -4 -8 0
172 -4 -10 0
172 -4 -11 0
172 -4 -12 0
172 -4 -23 0
172 -4 -29 0
172 -4 -30 0
172 -4 -32 0
172 -4 -33 0
172 -4 -34 0
172 -4 -36 0
172 -4 -37 0
172 -4 -39 0
172 -4 -40 0
172 -4 -41 0
172 -4 -43 0
172 -4 -44 0
172 -4 -46 0
172 -4 -47 0
172 -4 -48 0
172 -4 -66 0
172 -4 -67 0
172 -4 -69 0
172 -4 -70 0
172 -4 -71 0
172 -4 -82 0
172 -4 -136 0
172 -4 -137 0
172 -4 -139 0
172 -4 -140 0
172 -4 -141 0
172 -4 -143 0
172 -4 -144 0
172 -4 -146 0
172 -4 -147 0
172 -4 -148 0
172 -4 -166 0
172 -4 -167 0
172 -4 -169 0
172 -4 -170 0
172 -4 -171 0
172 -5 -6 0
172 -5 -9 0
172 -5 -10 0
172 -5 -11 0
172 -5 -12 0
172 -5 -26 0
172 -5 -28 0
172 -5 -31 0
172 -5 -32 0
172 -5 -33 0
172 -5 -34 0
172 -5 -35 0
172 -5 -38 0
172 -5 -39 0
172 -5 -40 0
172 -5 -41 0
172 -5 -42 0
172 -5 -45 0
172 -5 -46 0
172 -5 -47 0
172 -5 -48 0
172 -5 -65 0
172 -5 -68 0
172 -5 -69 0
172 -5 -70 0
172 -5 -71 0
172 -5 -85 0
172 -5 -135 0
172 -5 -138 0
172 -5 -139 0
172 -5 -140 0
172 -5 -141 0
172 -5 -142 0
172 -5 -145 0
172 -5 -146 0
172 -5 -147 0
172 -5 -148 0
172 -5 -165 0
172 -5 -168 0
172 -5 -169 0
172 -5 -170 0
172 -5 -171 0
172 -6 -7 0
172 -6 -10 0
172 -6 -12 0
172 -6 -13 0
172 -6 -14 0
172 -6 -15 0
172 -6 -17 0
172 -6 -18 0
172 -6 -19 0
172 -6 -25 0
172 -6 -26 0
172 -6 -27 0
172 -6 -28 0
172 -6 -35 0
172 -6 -36 0
172 -6 -41 0
172 -6 -42 0
172 -6 -43 0
172 -6 -48 0
172 -6 -50 0
172 -6 -51 0
172 -6 -52 0
172 -6 -54 0
172 -6 -55 0
172 -6 -56 0
172 -6 -62 0
172 -6 -63 0
172 -6 -64 0
172 -6 -89 0
172 -6 -135 0
172 -6 -136 0
172 -6 -141 0
172 -6 -142 0
172 -6 -143 0
172 -6 -148 0
172 -6 -150 0
172 -6 -151 0
172 -6 -152 0
172 -6 -154 0
172 -6 -155 0
172 -6 -156 0
172 -6 -162 0
172 -6 -163 0
172 -6 -164 0
172 -7 -9 0
172 -7 -10 0
172 -7 -11 0
172 -7 -12 0
172 -7 -13 0
172 -7 -14 0
172 -7 -15 0
172 -7 -17 0
172 -7 -18 0
172 -7 -19 0
172 -7 -21 0
172 -7 -22 0
172 -7 -23 0
172 -7 -29 0
172 -7 -35 0
172 -7 -36 0
172 -7 -38 0
172 -7 -39 0
172 -7 -40 0
172 -7 -42 0
172 -7 -43 0
172 -7 -45 0
172 -7 -46 0
172 -7 -47 0
172 -7 -50 0
172 -7 -51 0
172 -7 -52 0
172 -7 -54 0
172 -7 -55 0
172 -7 -56 0
172 -7 -58 0
172 -7 -59 0
172 -7 -60 0
172 -7 -93 0
172 -7 -135 0
172 -7 -136 0
172 -7 -138 0
172 -7 -139 0
172 -7 -140 0
172 -7 -142 0
172 -7 -143 0
172 -7 -145 0
172 -7 -146 0
172 -7 -147 0
172 -7 -150 0
172 -7 -151 0
172 -7 -152 0
172 -7 -154 0
172 -7 -155 0
172 -7 -156 0
172 -7 -158 0
172 -7 -159 0
172 -7 -160 0
172 -8 -9 0
172 -8 -10 0
172 -8 -11 0
172 -8 -16 0
172 -8 -17 0
172 -8 -19 0
172 -8 -20 0
172 -8 -21 0
172 -8 -23 0
172 -8 -24 0
172 -8 -25 0
172 -8 -27 0
172 -8 -30 0
172 -8 -37 0
172 -8 -38 0
172 -8 -40 0
172 -8 -44 0
172 -8 -45 0
172 -8 -47 0
172 -8 -53 0
172 -8 -54 0
172 -8 -56 0
172 -8 -57 0
172 -8 -58 0
172 -8 -60 0
172 -8 -61 0
172 -8 -62 0
172 -8 -64 0
172 -8 -95 0
172 -8 -137 0
172 -8 -138 0
172 -8 -140 0
172 -8 -144 0
172 -8 -145 0
172 -8 -147 0
172 -8 -153 0
172 -8 -154 0
172 -8 -156 0
172 -8 -157 0
172 -8 -158 0
172 -8 -160 0
172 -8 -161 0
172 -8 -162 0
172 -8 -164 0
172 -9 -10 0
172 -9 -11 0
172 -9 -12 0
172 -9 -16 0
172 -9 -17 0
172 -9 -18 0
172 -9 -20 0
172 -9 -21 0
172 -9 -22 0
172 -9 -24 0
172 -9 -25 0
172 -9 -26 0
172 -9 -31 0
172 -9 -36 0
172 -9 -37 0
172 -9 -38 0
172 -9 -39 0
172 -9 -41 0
172 -9 -43 0
172 -9 -44 0
172 -9 -45 0
172 -9 -46 0
172 -9 -48 0
172 -9 -53 0
172 -9 -54 0
172 -9 -55 0
172 -9 -57 0
172 -9 -58 0
172 -9 -59 0
172 -9 -61 0
172 -9 -62 0
172 -9 -63 0
172 -9 -96 0
172 -9 -136 0
172 -9 -137 0
172 -9 -138 0
172 -9 -139 0
172 -9 -141 0
172 -9 -143 0
172 -9 -144 0
172 -9 -145 0
172 -9 -146 0
172 -9 -148 0
172 -9 -153 0
172 -9 -154 0
172 -9 -155 0
172 -9 -157 0
172 -9 -158 0
172 -9 -159 0
172 -9 -161 0
172 -9 -162 0
172 -9 -163 0
172 -10 -11 0
172 -10 -12 0
172 -10 -17 0
172 -10 -18 0
172 -10 -19 0
172 -10 -21 0
172 -10 -22 0
172 -10 -23 0
172 -10 -25 0
172 -10 -26 0
172 -10 -27 0
172 -10 -32 0
172 -10 -36 0
172 -10 -38 0
172 -10 -39 0
172 -10 -40 0
172 -10 -41 0
172 -10 -43 0
172 -10 -45 0
172 -10 -46 0
172 -10 -47 0
172 -10 -48 0
172 -10 -54 0
172 -10 -55 0
172 -10 -56 0
172 -10 -58 0
172 -10 -59 0
172 -10 -60 0
172 -10 -62 0
172 -10 -63 0
172 -10 -64 0
172 -10 -97 0
172 -10 -136 0
172 -10 -138 0
172 -10 -139 0
172 -10 -140 0
172 -10 -141 0
172 -10 -143 0
172 -10 -145 0
172 -10 -146 0
172 -10 -147 0
172 -10 -148 0
172 -10 -154 0
172 -10 -155 0
172 -10 -156 0
172 -10 -158 0
172 -10 -159 0
172 -10 -160 0
172 -10 -162 0
172 -10 -163 0
172 -10 -164 0
172 -11 -12 0
172 -11 -16 0
172 -11 -18 0
172 -11 -19 0
172 -11 -20 0
172 -11 -22 0
172 -11 -23 0
172 -11 -24 0
172 -11 -26 0
172 -11 -27 0
172 -11 -33 0
172 -11 -36 0
172 -11 -37 0
172 -11 -39 0
172 -11 -40 0
172 -11 -41 0
172 -11 -43 0
172 -11 -44 0
172 -11 -46 0
172 -11 -47 0
172 -11 -48 0
172 -11 -53 0
172 -11 -55 0
172 -11 -56 0
172 -11 -57 0
172 -11 -59 0
172 -11 -60 0
172 -11 -61 0
172 -11 -63 0
172 -11 -64 0
172 -11 -98 0
172 -11 -136 0
172 -11 -137 0
172 -11 -139 0
172 -11 -140 0
172 -11 -141 0
172 -11 -143 0
172 -11 -144 0
172 -11 -146 0
172 -11 -147 0
172 -11 -148 0
172 -11 -153 0
172 -11 -155 0
172 -11 -156 0
172 -11 -157 0
172 -11 -159 0
172 -11 -160 0
172 -11 -161 0
172 -11 -163 0
172 -11 -164 0
172 -12 -13 0
172 -12 -14 0
172 -12 -15 0
172 -12 -21 0
172 -12 -22 0
172 -12 -23 0
172 -12 -25 0
172 -12 -26 0
172 -12 -27 0
172 -12 -34 0
172 -12 -35 0
172 -12 -38 0
172 -12 -39 0
172 -12 -40 0
172 -12 -41 0
172 -12 -42 0
172 -12 -45 0
172 -12 -46 0
172 -12 -47 0
172 -12 -48 0
172 -12 -50 0
172 -12 -51 0
172 -12 -52 0
172 -12 -58 0
172 -12 -59 0
172 -12 -60 0
172 -12 -62 0
172 -12 -63 0
172 -12 -64 0
172 -12 -101 0
172 -12 -135 0
172 -12 -138 0
172 -12 -139 0
172 -12 -140 0
172 -12 -141 0
172 -12 -142 0
172 -12 -145 0
172 -12 -146 0
172 -12 -147 0
172 -12 -148 0
172 -12 -150 0
172 -12 -151 0
172 -12 -152 0
172 -12 -158 0
172 -12 -159 0
172 -12 -160 0
172 -12 -162 0
172 -12 -163 0
172 -12 -164 0
172 -13 -14 0
172 -13 -15 0
172 -13 -16 0
172 -13 -17 0
172 -13 -18 0
172 -13 -21 0
172 -13 -24 0
172 -13 -25 0
172 -13 -26 0
172 -13 -28 0
172 -13 -29 0
172 -13 -34 0
172 -13 -42 0
172 -13 -43 0
172 -13 -48 0
172 -13 -49 0
172 -13 -50 0
172 -13 -51 0
172 -13 -53 0
172 -13 -54 0
172 -13 -55 0
172 -13 -61 0
172 -13 -62 0
172 -13 -63 0
172 -13 -65 0
172 -13 -66 0
172 -13 -71 0
172 -13 -104 0
172 -13 -142 0
172 -13 -143 0
172 -13 -148 0
172 -13 -149 0
172 -13 -150 0
172 -13 -151 0
172 -13 -153 0
172 -13 -154 0
172 -13 -155 0
172 -13 -161 0
172 -13 -162 0
172 -13 -163 0
172 -13 -165 0
172 -13 -166 0
172 -13 -171 0
172 -14 -15 0
172 -14 -17 0
172 -14 -18 0
172 -14 -19 0
172 -14 -22 0
172 -14 -25 0
172 -14 -26 0
172 -14 -27 0
172 -14 -28 0
172 -14 -29 0
172 -14 -34 0
172 -14 -42 0
172 -14 -43 0
172 -14 -48 0
172 -14 -50 0
172 -14 -51 0
172 -14 -52 0
172 -14 -54 0
172 -14 -55 0
172 -14 -56 0
172 -14 -62 0
172 -14 -63 0
172 -14 -64 0
172 -14 -65 0
172 -14 -66 0
172 -14 -71 0
172 -14 -105 0
172 -14 -142 0
172 -14 -143 0
172 -14 -148 0
172 -14 -150 0
172 -14 -151 0
172 -14 -152 0
172 -14 -154 0
172 -14 -155 0
172 -14 -156 0
172 -14 -162 0
172 -14 -163 0
172 -14 -164 0
172 -14 -165 0
172 -14 -166 0
172 -14 -171 0
172 -15 -16 0
172 -15 -18 0
172 -15 -19 0
172 -15 -23 0
172 -15 -24 0
172 -15 -26 0
172 -15 -27 0
172 -15 -28 0
172 -15 -29 0
172 -15 -34 0
172 -15 -42 0
172 -15 -43 0
172 -15 -48 0
172 -15 -49 0
172 -15 -51 0
172 -15 -52 0
172 -15 -53 0
172 -15 -55 0
172 -15 -56 0
172 -15 -61 0
172 -15 -63 0
172 -15 -64 0
172 -15 -65 0
172 -15 -66 0
172 -15 -71 0
172 -15 -106 0
172 -15 -142 0
172 -15 -143 0
172 -15 -148 0
172 -15 -149 0
172 -15 -151 0
172 -15 -152 0
172 -15 -153 0
172 -15 -155 0
172 -15 -156 0
172 -15 -161 0
172 -15 -163 0
172 -15 -164 0
172 -15 -165 0
172 -15 -166 0
172 -15 -171 0
172 -16 -17 0
172 -16 -18 0
172 -16 -19 0
172 -16 -20 0
172 -16 -21 0
172 -16 -23 0
172 -16 -24 0
172 -16 -30 0
172 -16 -31 0
172 -16 -33 0
172 -16 -44 0
172 -16 -45 0
172 -16 -47 0
172 -16 -49 0
172 -16 -50 0
172 -16 -52 0
172 -16 -53 0
172 -16 -54 0
172 -16 -56 0
172 -16 -57 0
172 -16 -58 0
172 -16 -60 0
172 -16 -67 0
172 -16 -68 0
172 -16 -70 0
172 -16 -107 0
172 -16 -144 0
172 -16 -145 0
172 -16 -147 0
172 -16 -149 0
172 -16 -150 0
172 -16 -152 0
172 -16 -153 0
172 -16 -154 0
172 -16 -156 0
172 -16 -157 0
172 -16 -158 0
172 -16 -160 0
172 -16 -167 0
172 -16 -168 0
172 -16 -170 0
172 -17 -18 0
172 -17 -19 0
172 -17 -20 0
172 -17 -21 0
172 -17 -22 0
172 -17 -25 0
172 -17 -28 0
172 -17 -29 0
172 -17 -30 0
172 -17 -31 0
172 -17 -32 0
172 -17 -42 0
172 -17 -43 0
172 -17 -44 0
172 -17 -45 0
172 -17 -46 0
172 -17 -49 0
172 -17 -50 0
172 -17 -51 0
172 -17 -53 0
172 -17 -54 0
172 -17 -55 0
172 -17 -57 0
172 -17 -58 0
172 -17 -59 0
172 -17 -65 0
172 -17 -66 0
172 -17 -67 0
172 -17 -68 0
172 -17 -69 0
172 -17 -108 0
172 -17 -142 0
172 -17 -143 0
172 -17 -144 0
172 -17 -145 0
172 -17 -146 0
172 -17 -149 0
172 -17 -150 0
172 -17 -151 0
172 -17 -153 0
172 -17 -154 0
172 -17 -155 0
172 -17 -157 0
172 -17 -158 0
172 -17 -159 0
172 -17 -165 0
172 -17 -166 0
172 -17 -167 0
172 -17 -168 0
172 -17 -169 0
172 -18 -19 0
172 -18 -21 0
172 -18 -22 0
172 -18 -23 0
172 -18 -26 0
172 -18 -28 0
172 -18 -29 0
172 -18 -31 0
172 -18 -32 0
172 -18 -33 0
172 -18 -42 0
172 -18 -43 0
172 -18 -45 0
172 -18 -46 0
172 -18 -47 0
172 -18 -50 0
172 -18 -51 0
172 -18 -52 0
172 -18 -54 0
172 -18 -55 0
172 -18 -56 0
172 -18 -58 0
172 -18 -59 0
172 -18 -60 0
172 -18 -65 0
172 -18 -66 0
172 -18 -68 0
172 -18 -69 0
172 -18 -70 0
172 -18 -109 0
172 -18 -142 0
172 -18 -143 0
172 -18 -145 0
172 -18 -146 0
172 -18 -147 0
172 -18 -150 0
172 -18 -151 0
172 -18 -152 0
172 -18 -154 0
172 -18 -155 0
172 -18 -156 0
172 -18 -158 0
172 -18 -159 0
172 -18 -160 0
172 -18 -165 0
172 -18 -166 0
172 -18 -168 0
172 -18 -169 0
172 -18 -170 0
172 -19 -20 0
172 -19 -22 0
172 -19 -23 0
172 -19 -27 0
172 -19 -28 0
172 -19 -29 0
172 -19 -30 0
172 -19 -32 0
172 -19 -33 0
172 -19 -42 0
172 -19 -43 0
172 -19 -44 0
172 -19 -46 0
172 -19 -47 0
172 -19 -49 0
172 -19 -51 0
172 -19 -52 0
172 -19 -53 0
172 -19 -55 0
172 -19 -56 0
172 -19 -57 0
172 -19 -59 0
172 -19 -60 0
172 -19 -65 0
172 -19 -66 0
172 -19 -67 0
172 -19 -69 0
172 -19 -70 0
172 -19 -110 0
172 -19 -142 0
172 -19 -143 0
172 -19 -144 0
172 -19 -146 0
172 -19 -147 0
172 -19 -149 0
172 -19 -151 0
172 -19 -152 0
172 -19 -153 0
172 -19 -155 0
172 -19 -156 0
172 -19 -157 0
172 -19 -159 0
172 -19 -160 0
172 -19 -165 0
172 -19 -166 0
172 -19 -167 0
172 -19 -169 0
172 -19 -170 0
172 -20 -21 0
172 -20 -22 0
172 -20 -23 0
172 -20 -24 0
172 -20 -25 0
172 -20 -27 0
172 -20 -30 0
172 -20 -31 0
172 -20 -33 0
172 -20 -44 0
172 -20 -45 0
172 -20 -47 0
172 -20 -53 0
172 -20 -54 0
172 -20 -56 0
172 -20 -57 0
172 -20 -58 0
172 -20 -60 0
172 -20 -61 0
172 -20 -62 0
172 -20 -64 0
172 -20 -67 0
172 -20 -68 0
172 -20 -70 0
172 -20 -111 0
172 -20 -144 0
172 -20 -145 0
172 -20 -147 0
172 -20 -153 0
172 -20 -154 0
172 -20 -156 0
172 -20 -157 0
172 -20 -158 0
172 -20 -160 0
172 -20 -161 0
172 -20 -162 0
172 -20 -164 0
172 -20 -167 0
172 -20 -168 0
172 -20 -170 0
172 -21 -22 0
172 -21 -23 0
172 -21 -24 0
172 -21 -25 0
172 -21 -26 0
172 -21 -29 0
172 -21 -30 0
172 -21 -31 0
172 -21 -32 0
172 -21 -34 0
172 -21 -43 0
172 -21 -44 0
172 -21 -45 0
172 -21 -46 0
172 -21 -48 0
172 -21 -53 0
172 -21 -54 0
172 -21 -55 0
172 -21 -57 0
172 -21 -58 0
172 -21 -59 0
172 -21 -61 0
172 -21 -62 0
172 -21 -63 0
172 -21 -66 0
172 -21 -67 0
172 -21 -68 0
172 -21 -69 0
172 -21 -71 0
172 -21 -112 0
172 -21 -143 0
172 -21 -144 0
172 -21 -145 0
172 -21 -146 0
172 -21 -148 0
172 -21 -153 0
172 -21 -154 0
172 -21 -155 0
172 -21 -157 0
172 -21 -158 0
172 -21 -159 0
172 -21 -161 0
172 -21 -162 0
172 -21 -163 0
172 -21 -166 0
172 -21 -167 0
172 -21 -168 0
172 -21 -169 0
172 -21 -171 0
172 -22 -23 0
172 -22 -25 0
172 -22 -26 0
172 -22 -27 0
172 -22 -29 0
172 -22 -31 0
172 -22 -32 0
172 -22 -33 0
172 -22 -34 0
172 -22 -43 0
172 -22 -45 0
172 -22 -46 0
172 -22 -47 0
172 -22 -48 0
172 -22 -54 0
172 -22 -55 0
172 -22 -56 0
172 -22 -58 0
172 -22 -59 0
172 -22 -60 0
172 -22 -62 0
172 -22 -63 0
172 -22 -64 0
172 -22 -66 0
172 -22 -68 0
172 -22 -69 0
172 -22 -70 0
172 -22 -71 0
172 -22 -113 0
172 -22 -143 0
172 -22 -145 0
172 -22 -146 0
172 -22 -147 0
172 -22 -148 0
172 -22 -154 0
172 -22 -155 0
172 -22 -156 0
172 -22 -158 0
172 -22 -159 0
172 -22 -160 0
172 -22 -162 0
172 -22 -163 0
172 -22 -164 0
172 -22 -166 0
172 -22 -168 0
172 -22 -169 0
172 -22 -170 0
172 -22 -171 0
172 -23 -24 0
172 -23 -26 0
172 -23 -27 0
172 -23 -29 0
172 -23 -30 0
172 -23 -32 0
172 -23 -33 0
172 -23 -34 0
172 -23 -43 0
172 -23 -44 0
172 -23 -46 0
172 -23 -47 0
172 -23 -48 0
172 -23 -53 0
172 -23 -55 0
172 -23 -56 0
172 -23 -57 0
172 -23 -59 0
172 -23 -60 0
172 -23 -61 0
172 -23 -63 0
172 -23 -64 0
172 -23 -66 0
172 -23 -67 0
172 -23 -69 0
172 -23 -70 0
172 -23 -71 0
172 -23 -114 0
172 -23 -143 0
172 -23 -144 0
172 -23 -146 0
172 -23 -147 0
172 -23 -148 0
172 -23 -153 0
172 -23 -155 0
172 -23 -156 0
172 -23 -157 0
172 -23 -159 0
172 -23 -160 0
172 -23 -161 0
172 -23 -163 0
172 -23 -164 0
172 -23 -166 0
172 -23 -167 0
172 -23 -169 0
172 -23 -170 0
172 -23 -171 0
172 -24 -25 0
172 -24 -26 0
172 -24 -27 0
172 -24 -30 0
172 -24 -31 0
172 -24 -33 0
172 -24 -44 0
172 -24 -45 0
172 -24 -47 0
172 -24 -49 0
172 -24 -50 0
172 -24 -52 0
172 -24 -57 0
172 -24 -58 0
172 -24 -60 0
172 -24 -61 0
172 -24 -62 0
172 -24 -64 0
172 -24 -67 0
172 -24 -68 0
172 -24 -70 0
172 -24 -115 0
172 -24 -144 0
172 -24 -145 0
172 -24 -147 0
172 -24 -149 0
172 -24 -150 0
172 -24 -152 0
172 -24 -157 0
172 -24 -158 0
172 -24 -160 0
172 -24 -161 0
172 -24 -162 0
172 -24 -164 0
172 -24 -167 0
172 -24 -168 0
172 -24 -170 0
172 -25 -26 0
172 -25 -27 0
172 -25 -28 0
172 -25 -30 0
172 -25 -31 0
172 -25 -32 0
172 -25 -34 0
172 -25 -42 0
172 -25 -44 0
172 -25 -45 0
172 -25 -46 0
172 -25 -48 0
172 -25 -49 0
172 -25 -50 0
172 -25 -51 0
172 -25 -57 0
172 -25 -58 0
172 -25 -59 0
172 -25 -61 0
172 -25 -62 0
172 -25 -63 0
172 -25 -65 0
172 -25 -67 0
172 -25 -68 0
172 -25 -69 0
172 -25 -71 0
172 -25 -116 0
172 -25 -142 0
172 -25 -144 0
172 -25 -145 0
172 -25 -146 0
172 -25 -148 0
172 -25 -149 0
172 -25 -150 0
172 -25 -151 0
172 -25 -157 0
172 -25 -158 0
172 -25 -159 0
172 -25 -161 0
172 -25 -162 0
172 -25 -163 0
172 -25 -165 0
172 -25 -167 0
172 -25 -168 0
172 -25 -169 0
172 -25 -171 0
172 -26 -27 0
172 -26 -28 0
172 -26 -31 0
172 -26 -32 0
172 -26 -33 0
172 -26 -34 0
172 -26 -42 0
172 -26 -45 0
172 -26 -46 0
172 -26 -47 0
172 -26 -48 0
172 -26 -50 0
172 -26 -51 0
172 -26 -52 0
172 -26 -58 0
172 -26 -59 0
172 -26 -60 0
172 -26 -62 0
172 -26 -63 0
172 -26 -64 0
172 -26 -65 0
172 -26 -68 0
172 -26 -69 0
172 -26 -70 0
172 -26 -71 0
172 -26 -117 0
172 -26 -142 0
172 -26 -145 0
172 -26 -146 0
172 -26 -147 0
172 -26 -148 0
172 -26 -150 0
172 -26 -151 0
172 -26 -152 0
172 -26 -158 0
172 -26 -159 0
172 -26 -160 0
172 -26 -162 0
172 -26 -163 0
172 -26 -164 0
172 -26 -165 0
172 -26 -168 0
172 -26 -169 0
172 -26 -170 0
172 -26 -171 0
172 -27 -28 0
172 -27 -30 0
172 -27 -32 0
172 -27 -33 0
172 -27 -34 0
172 -27 -42 0
172 -27 -44 0
172 -27 -46 0
172 -27 -47 0
172 -27 -48 0
172 -27 -49 0
172 -27 -51 0
172 -27 -52 0
172 -27 -57 0
172 -27 -59 0
172 -27 -60 0
172 -27 -61 0
172 -27 -63 0
172 -27 -64 0
172 -27 -65 0
172 -27 -67 0
172 -27 -69 0
172 -27 -70 0
172 -27 -71 0
172 -27 -118 0
172 -27 -142 0
172 -27 -144 0
172 -27 -146 0
172 -27 -147 0
172 -27 -148 0
172 -27 -149 0
172 -27 -151 0
172 -27 -152 0
172 -27 -157 0
172 -27 -159 0
172 -27 -160 0
172 -27 -161 0
172 -27 -163 0
172 -27 -164 0
172 -27 -165 0
172 -27 -167 0
172 -27 -169 0
172 -27 -170 0
172 -27 -171 0
172 -28 -29 0
172 -28 -32 0
172 -28 -34 0
172 -28 -35 0
172 -28 -36 0
172 -28 -41 0
172 -28 -50 0
172 -28 -51 0
172 -28 -52 0
172 -28 -54 0
172 -28 -55 0
172 -28 -56 0
172 -28 -62 0
172 -28 -63 0
172 -28 -64 0
172 -28 -65 0
172 -28 -66 0
172 -28 -71 0
172 -28 -121 0
172 -28 -135 0
172 -28 -136 0
172 -28 -141 0
172 -28 -150 0
172 -28 -151 0
172 -28 -152 0
172 -28 -154 0
172 -28 -155 0
172 -28 -156 0
172 -28 -162 0
172 -28 -163 0
172 -28 -164 0
172 -28 -165 0
172 -28 -166 0
172 -28 -171 0
172 -29 -31 0
172 -29 -32 0
172 -29 -33 0
172 -29 -34 0
172 -29 -35 0
172 -29 -36 0
172 -29 -38 0
172 -29 -39 0
172 -29 -40 0
172 -29 -50 0
172 -29 -51 0
172 -29 -52 0
172 -29 -54 0
172 -29 -55 0
172 -29 -56 0
172 -29 -58 0
172 -29 -59 0
172 -29 -60 0
172 -29 -65 0
172 -29 -66 0
172 -29 -68 0
172 -29 -69 0
172 -29 -70 0
172 -29 -125 0
172 -29 -135 0
172 -29 -136 0
172 -29 -138 0
172 -29 -139 0
172 -29 -140 0
172 -29 -150 0
172 -29 -151 0
172 -29 -152 0
172 -29 -154 0
172 -29 -155 0
172 -29 -156 0
172 -29 -158 0
172 -29 -159 0
172 -29 -160 0
172 -29 -165 0
172 -29 -166 0
172 -29 -168 0
172 -29 -169 0
172 -29 -170 0
172 -30 -31 0
172 -30 -32 0
172 -30 -33 0
172 -30 -37 0
172 -30 -38 0
172 -30 -40 0
172 -30 -53 0
172 -30 -54 0
172 -30 -56 0
172 -30 -57 0
172 -30 -58 0
172 -30 -60 0
172 -30 -61 0
172 -30 -62 0
172 -30 -64 0
172 -30 -67 0
172 -30 -68 0
172 -30 -70 0
172 -30 -127 0
172 -30 -137 0
172 -30 -138 0
172 -30 -140 0
172 -30 -153 0
172 -30 -154 0
172 -30 -156 0
172 -30 -157 0
172 -30 -158 0
172 -30 -160 0
172 -30 -161 0
172 -30 -162 0
172 -30 -164 0
172 -30 -167 0
172 -30 -168 0
172 -30 -170 0
172 -31 -32 0
172 -31 -33 0
172 -31 -34 0
172 -31 -36 0
172 -31 -37 0
172 -31 -38 0
172 -31 -39 0
172 -31 -41 0
172 -31 -53 0
172 -31 -54 0
172 -31 -55 0
172 -31 -57 0
172 -31 -58 0
172 -31 -59 0
172 -31 -61 0
172 -31 -62 0
172 -31 -63 0
172 -31 -66 0
172 -31 -67 0
172 -31 -68 0
172 -31 -69 0
172 -31 -71 0
172 -31 -128 0
172 -31 -136 0
172 -31 -137 0
172 -31 -138 0
172 -31 -139 0
172 -31 -141 0
172 -31 -153 0
172 -31 -154 0
172 -31 -155 0
172 -31 -157 0
172 -31 -158 0
172 -31 -159 0
172 -31 -161 0
172 -31 -162 0
172 -31 -163 0
172 -31 -166 0
172 -31 -167 0
172 -31 -168 0
172 -31 -169 0
172 -31 -171 0
172 -32 -33 0
172 -32 -34 0
172 -32 -36 0
172 -32 -38 0
172 -32 -39 0
172 -32 -40 0
172 -32 -41 0
172 -32 -54 0
172 -32 -55 0
172 -32 -56 0
172 -32 -58 0
172 -32 -59 0
172 -32 -60 0
172 -32 -62 0
172 -32 -63 0
172 -32 -64 0
172 -32 -66 0
172 -32 -68 0
172 -32 -69 0
172 -32 -70 0
172 -32 -71 0
172 -32 -129 0
172 -32 -136 0
172 -32 -138 0
172 -32 -139 0
172 -32 -140 0
172 -32 -141 0
172 -32 -154 0
172 -32 -155 0
172 -32 -156 0
172 -32 -158 0
172 -32 -159 0
172 -32 -160 0
172 -32 -162 0
172 -32 -163 0
172 -32 -164 0
172 -32 -166 0
172 -32 -168 0
172 -32 -169 0
172 -32 -170 0
172 -32 -171 0
172 -33 -34 0
172 -33 -36 0
172 -33 -37 0
172 -33 -39 0
172 -33 -40 0
172 -33 -41 0
172 -33 -53 0
172 -33 -55 0
172 -33 -56 0
172 -33 -57 0
172 -33 -59 0
172 -33 -60 0
172 -33 -61 0
172 -33 -63 0
172 -33 -64 0
172 -33 -66 0
172 -33 -67 0
172 -33 -69 0
172 -33 -70 0
172 -33 -71 0
172 -33 -130 0
172 -33 -136 0
172 -33 -137 0
172 -33 -139 0
172 -33 -140 0
172 -33 -141 0
172 -33 -153 0
172 -33 -155 0
172 -33 -156 0
172 -33 -157 0
172 -33 -159 0
172 -33 -160 0
172 -33 -161 0
172 -33 -163 0
172 -33 -164 0
172 -33 -166 0
172 -33 -167 0
172 -33 -169 0
172 -33 -170 0
172 -33 -171 0
172 -34 -35 0
172 -34 -38 0
172 -34 -39 0
172 -34 -40 0
172 -34 -41 0
172 -34 -50 0
172 -34 -51 0
172 -34 -52 0
172 -34 -58 0
172 -34 -59 0
172 -34 -60 0
172 -34 -62 0
172 -34 -63 0
172 -34 -64 0
172 -34 -65 0
172 -34 -68 0
172 -34 -69 0
172 -34 -70 0
172 -34 -71 0
172 -34 -133 0
172 -34 -135 0
172 -34 -138 0
172 -34 -139 0
172 -34 -140 0
172 -34 -141 0
172 -34 -150 0
172 -34 -151 0
172 -34 -152 0
172 -34 -158 0
172 -34 -159 0
172 -34 -160 0
172 -34 -162 0
172 -34 -163 0
172 -34 -164 0
172 -34 -165 0
172 -34 -168 0
172 -34 -169 0
172 -34 -170 0
172 -34 -171 0
172 -35 -36 0
172 -35 -39 0
172 -35 -41 0
172 -35 -42 0
172 -35 -43 0
172 -35 -48 0
172 -35 -51 0
172 -35 -65 0
172 -35 -66 0
172 -35 -71 0
172 -35 -72 0
172 -35 -73 0
172 -35 -74 0
172 -35 -76 0
172 -35 -77 0
172 -35 -78 0
172 -35 -84 0
172 -35 -85 0
172 -35 -86 0
172 -35 -88 0
172 -35 -89 0
172 -35 -90 0
172 -35 -92 0
172 -35 -93 0
172 -35 -94 0
172 -35 -100 0
172 -35 -101 0
172 -35 -102 0
172 -35 -120 0
172 -35 -121 0
172 -35 -122 0
172 -35 -124 0
172 -35 -125 0
172 -35 -126 0
172 -35 -132 0
172 -35 -133 0
172 -35 -134 0
172 -35 -135 0
172 -36 -38 0
172 -36 -39 0
172 -36 -40 0
172 -36 -41 0
172 -36 -42 0
172 -36 -43 0
172 -36 -45 0
172 -36 -46 0
172 -36 -47 0
172 -36 -55 0
172 -36 -65 0
172 -36 -66 0
172 -36 -68 0
172 -36 -69 0
172 -36 -70 0
172 -36 -72 0
172 -36 -73 0
172 -36 -74 0
172 -36 -76 0
172 -36 -77 0
172 -36 -78 0
172 -36 -80 0
172 -36 -81 0
172 -36 -82 0
172 -36 -88 0
172 -36 -89 0
172 -36 -90 0
172 -36 -92 0
172 -36 -93 0
172 -36 -94 0
172 -36 -96 0
172 -36 -97 0
172 -36 -98 0
172 -36 -120 0
172 -36 -121 0
172 -36 -122 0
172 -36 -124 0
172 -36 -125 0
172 -36 -126 0
172 -36 -128 0
172 -36 -129 0
172 -36 -130 0
172 -36 -136 0
172 -37 -38 0
172 -37 -39 0
172 -37 -40 0
172 -37 -44 0
172 -37 -45 0
172 -37 -47 0
172 -37 -57 0
172 -37 -67 0
172 -37 -68 0
172 -37 -70 0
172 -37 -75 0
172 -37 -76 0
172 -37 -78 0
172 -37 -79 0
172 -37 -80 0
172 -37 -82 0
172 -37 -83 0
172 -37 -84 0
172 -37 -86 0
172 -37 -91 0
172 -37 -92 0
172 -37 -94 0
172 -37 -95 0
172 -37 -96 0
172 -37 -98 0
172 -37 -99 0
172 -37 -100 0
172 -37 -102 0
172 -37 -123 0
172 -37 -124 0
172 -37 -126 0
172 -37 -127 0
172 -37 -128 0
172 -37 -130 0
172 -37 -131 0
172 -37 -132 0
172 -37 -134 0
172 -37 -137 0
172 -38 -39 0
172 -38 -40 0
172 -38 -41 0
172 -38 -43 0
172 -38 -44 0
172 -38 -45 0
172 -38 -46 0
172 -38 -48 0
172 -38 -58 0
172 -38 -66 0
172 -38 -67 0
172 -38 -68 0
172 -38 -69 0
172 -38 -71 0
172 -38 -75 0
172 -38 -76 0
172 -38 -77 0
172 -38 -79 0
172 -38 -80 0
172 -38 -81 0
172 -38 -83 0
172 -38 -84 0
172 -38 -85 0
172 -38 -91 0
172 -38 -92 0
172 -38 -93 0
172 -38 -95 0
172 -38 -96 0
172 -38 -97 0
172 -38 -99 0
172 -38 -100 0
172 -38 -101 0
172 -38 -123 0
172 -38 -124 0
172 -38 -125 0
172 -38 -127 0
172 -38 -128 0
172 -38 -129 0
172 -38 -131 0
172 -38 -132 0
172 -38 -133 0
172 -38 -138 0
172 -39 -40 0
172 -39 -41 0
172 -39 -43 0
172 -39 -45 0
172 -39 -46 0
172 -39 -47 0
172 -39 -48 0
172 -39 -59 0
172 -39 -66 0
172 -39 -68 0
172 -39 -69 0
172 -39 -70 0
172 -39 -71 0
172 -39 -76 0
172 -39 -77 0
172 -39 -78 0
172 -39 -80 0
172 -39 -81 0
172 -39 -82 0
172 -39 -84 0
172 -39 -85 0
172 -39 -86 0
172 -39 -92 0
172 -39 -93 0
172 -39 -94 0
172 -39 -96 0
172 -39 -97 0
172 -39 -98 0
172 -39 -100 0
172 -39 -101 0
172 -39 -102 0
172 -39 -124 0
172 -39 -125 0
172 -39 -126 0
172 -39 -128 0
172 -39 -129 0
172 -39 -130 0
172 -39 -132 0
172 -39 -133 0
172 -39 -134 0
172 -39 -139 0
172 -40 -41 0
172 -40 -43 0
172 -40 -44 0
172 -40 -46 0
172 -40 -47 0
172 -40 -48 0
172 -40 -60 0
172 -40 -66 0
172 -40 -67 0
172 -40 -69 0
172 -40 -70 0
172 -40 -71 0
172 -40 -75 0
172 -40 -77 0
172 -40 -78 0
172 -40 -79 0
172 -40 -81 0
172 -40 -82 0
172 -40 -83 0
172 -40 -85 0
172 -40 -86 0
172 -40 -91 0
172 -40 -93 0
172 -40 -94 0
172 -40 -95 0
172 -40 -97 0
172 -40 -98 0
172 -40 -99 0
172 -40 -101 0
172 -40 -102 0
172 -40 -123 0
172 -40 -125 0
172 -40 -126 0
172 -40 -127 0
172 -40 -129 0
172 -40 -130 0
172 -40 -131 0
172 -40 -133 0
172 -40 -134 0
172 -40 -140 0
172 -41 -42 0
172 -41 -45 0
172 -41 -46 0
172 -41 -47 0
172 -41 -48 0
172 -41 -63 0
172 -41 -65 0
172 -41 -68 0
172 -41 -69 0
172 -41 -70 0
172 -41 -71 0
172 -41 -72 0
172 -41 -73 0
172 -41 -74 0
172 -41 -80 0
172 -41 -81 0
172 -41 -82 0
172 -41 -84 0
172 -41 -85 0
172 -41 -86 0
172 -41 -88 0
172 -41 -89 0
172 -41 -90 0
172 -41 -96 0
172 -41 -97 0
172 -41 -98 0
172 -41 -100 0
172 -41 -101 0
172 -41 -102 0
172 -41 -120 0
172 -41 -121 0
172 -41 -122 0
172 -41 -128 0
172 -41 -129 0
172 -41 -130 0
172 -41 -132 0
172 -41 -133 0
172 -41 -134 0
172 -41 -141 0
172 -42 -43 0
172 -42 -46 0
172 -42 -48 0
172 -42 -50 0
172 -42 -51 0
172 -42 -52 0
172 -42 -54 0
172 -42 -55 0
172 -42 -56 0
172 -42 -62 0
172 -42 -63 0
172 -42 -64 0
172 -42 -65 0
172 -42 -72 0
172 -42 -73 0
172 -42 -74 0
172 -42 -76 0
172 -42 -77 0
172 -42 -78 0
172 -42 -84 0
172 -42 -85 0
172 -42 -86 0
172 -42 -88 0
172 -42 -89 0
172 -42 -90 0
172 -42 -92 0
172 -42 -93 0
172 -42 -94 0
172 -42 -100 0
172 -42 -101 0
172 -42 -102 0
172 -42 -104 0
172 -42 -105 0
172 -42 -106 0
172 -42 -108 0
172 -42 -109 0
172 -42 -110 0
172 -42 -116 0
172 -42 -117 0
172 -42 -118 0
172 -42 -142 0
172 -43 -45 0
172 -43 -46 0
172 -43 -47 0
172 -43 -48 0
172 -43 -50 0
172 -43 -51 0
172 -43 -52 0
172 -43 -54 0
172 -43 -55 0
172 -43 -56 0
172 -43 -58 0
172 -43 -59 0
172 -43 -60 0
172 -43 -66 0
172 -43 -72 0
172 -43 -73 0
172 -43 -74 0
172 -43 -76 0
172 -43 -77 0
172 -43 -78 0
172 -43 -80 0
172 -43 -81 0
172 -43 -82 0
172 -43 -88 0
172 -43 -89 0
172 -43 -90 0
172 -43 -92 0
172 -43 -93 0
172 -43 -94 0
172 -43 -96 0
172 -43 -97 0
172 -43 -98 0
172 -43 -104 0
172 -43 -105 0
172 -43 -106 0
172 -43 -108 0
172 -43 -109 0
172 -43 -110 0
172 -43 -112 0
172 -43 -113 0
172 -43 -114 0
172 -43 -143 0
172 -44 -45 0
172 -44 -46 0
172 -44 -47 0
172 -44 -53 0
172 -44 -54 0
172 -44 -56 0
172 -44 -57 0
172 -44 -58 0
172 -44 -60 0
172 -44 -61 0
172 -44 -62 0
172 -44 -64 0
172 -44 -67 0
172 -44 -75 0
172 -44 -76 0
172 -44 -78 0
172 -44 -79 0
172 -44 -80 0
172 -44 -82 0
172 -44 -83 0
172 -44 -84 0
172 -44 -86 0
172 -44 -91 0
172 -44 -92 0
172 -44 -94 0
172 -44 -95 0
172 -44 -96 0
172 -44 -98 0
172 -44 -99 0
172 -44 -100 0
172 -44 -102 0
172 -44 -107 0
172 -44 -108 0
172 -44 -110 0
172 -44 -111 0
172 -44 -112 0
172 -44 -114 0
172 -44 -115 0
172 -44 -116 0
172 -44 -118 0
172 -44 -144 0
172 -45 -46 0
172 -45 -47 0
172 -45 -48 0
172 -45 -53 0
172 -45 -54 0
172 -45 -55 0
172 -45 -57 0
172 -45 -58 0
172 -45 -59 0
172 -45 -61 0
172 -45 -62 0
172 -45 -63 0
172 -45 -68 0
172 -45 -75 0
172 -45 -76 0
172 -45 -77 0
172 -45 -79 0
172 -45 -80 0
172 -45 -81 0
172 -45 -83 0
172 -45 -84 0
172 -45 -85 0
172 -45 -91 0
172 -45 -92 0
172 -45 -93 0
172 -45 -95 0
172 -45 -96 0
172 -45 -97 0
172 -45 -99 0
172 -45 -100 0
172 -45 -101 0
172 -45 -107 0
172 -45 -108 0
172 -45 -109 0
172 -45 -111 0
172 -45 -112 0
172 -45 -113 0
172 -45 -115 0
172 -45 -116 0
172 -45 -117 0
172 -45 -145 0
172 -46 -47 0
172 -46 -48 0
172 -46 -54 0
172 -46 -55 0
172 -46 -56 0
172 -46 -58 0
172 -46 -59 0
172 -46 -60 0
172 -46 -62 0
172 -46 -63 0
172 -46 -64 0
172 -46 -69 0
172 -46 -76 0
172 -46 -77 0
172 -46 -78 0
172 -46 -80 0
172 -46 -81 0
172 -46 -82 0
172 -46 -84 0
172 -46 -85 0
172 -46 -86 0
172 -46 -92 0
172 -46 -93 0
172 -46 -94 0
172 -46 -96 0
172 -46 -97 0
172 -46 -98 0
172 -46 -100 0
172 -46 -101 0
172 -46 -102 0
172 -46 -108 0
172 -46 -109 0
172 -46 -110 0
172 -46 -112 0
172 -46 -113 0
172 -46 -114 0
172 -46 -116 0
172 -46 -117 0
172 -46 -118 0
172 -46 -146 0
172 -47 -48 0
172 -47 -53 0
172 -47 -55 0
172 -47 -56 0
172 -47 -57 0
172 -47 -59 0
172 -47 -60 0
172 -47 -61 0
172 -47 -63 0
172 -47 -64 0
172 -47 -70 0
172 -47 -75 0
172 -47 -77 0
172 -47 -78 0
172 -47 -79 0
172 -47 -81 0
172 -47 -82 0
172 -47 -83 0
172 -47 -85 0
172 -47 -86 0
172 -47 -91 0
172 -47 -93 0
172 -47 -94 0
172 -47 -95 0
172 -47 -97 0
172 -47 -98 0
172 -47 -99 0
172 -47 -101 0
172 -47 -102 0
172 -47 -107 0
172 -47 -109 0
172 -47 -110 0
172 -47 -111 0
172 -47 -113 0
172 -47 -114 0
172 -47 -115 0
172 -47 -117 0
172 -47 -118 0
172 -47 -147 0
172 -48 -50 0
172 -48 -51 0
172 -48 -52 0
172 -48 -58 0
172 -48 -59 0
172 -48 -60 0
172 -48 -62 0
172 -48 -63 0
172 -48 -64 0
172 -48 -71 0
172 -48 -72 0
172 -48 -73 0
172 -48 -74 0
172 -48 -80 0
172 -48 -81 0
172 -48 -82 0
172 -48 -84 0
172 -48 -85 0
172 -48 -86 0
172 -48 -88 0
172 -48 -89 0
172 -48 -90 0
172 -48 -96 0
172 -48 -97 0
172 -48 -98 0
172 -48 -100 0
172 -48 -101 0
172 -48 -102 0
172 -48 -104 0
172 -48 -105 0
172 -48 -106 0
172 -48 -112 0
172 -48 -113 0
172 -48 -114 0
172 -48 -116 0
172 -48 -117 0
172 -48 -118 0
172 -48 -148 0
172 -49 -50 0
172 -49 -51 0
172 -49 -52 0
172 -49 -53 0
172 -49 -54 0
172 -49 -56 0
172 -49 -57 0
172 -49 -61 0
172 -49 -62 0
172 -49 -64 0
172 -49 -87 0
172 -49 -88 0
172 -49 -90 0
172 -49 -91 0
172 -49 -92 0
172 -49 -94 0
172 -49 -99 0
172 -49 -100 0
172 -49 -102 0
172 -49 -103 0
172 -49 -104 0
172 -49 -106 0
172 -49 -107 0
172 -49 -108 0
172 -49 -110 0
172 -49 -115 0
172 -49 -116 0
172 -49 -118 0
172 -49 -119 0
172 -49 -120 0
172 -49 -122 0
172 -49 -123 0
172 -49 -124 0
172 -49 -126 0
172 -49 -131 0
172 -49 -132 0
172 -49 -134 0
172 -49 -149 0
172 -50 -51 0
172 -50 -52 0
172 -50 -53 0
172 -50 -54 0
172 -50 -55 0
172 -50 -58 0
172 -50 -61 0
172 -50 -62 0
172 -50 -63 0
172 -50 -65 0
172 -50 -66 0
172 -50 -71 0
172 -50 -87 0
172 -50 -88 0
172 -50 -89 0
172 -50 -91 0
172 -50 -92 0
172 -50 -93 0
172 -50 -99 0
172 -50 -100 0
172 -50 -101 0
172 -50 -103 0
172 -50 -104 0
172 -50 -105 0
172 -50 -107 0
172 -50 -108 0
172 -50 -109 0
172 -50 -115 0
172 -50 -116 0
172 -50 -117 0
172 -50 -119 0
172 -50 -120 0
172 -50 -121 0
172 -50 -123 0
172 -50 -124 0
172 -50 -125 0
172 -50 -131 0
172 -50 -132 0
172 -50 -133 0
172 -50 -150 0
172 -51 -52 0
172 -51 -54 0
172 -51 -55 0
172 -51 -56 0
172 -51 -59 0
172 -51 -62 0
172 -51 -63 0
172 -51 -64 0
172 -51 -65 0
172 -51 -66 0
172 -51 -71 0
172 -51 -88 0
172 -51 -89 0
172 -51 -90 0
172 -51 -92 0
172 -51 -93 0
172 -51 -94 0
172 -51 -100 0
172 -51 -101 0
172 -51 -102 0
172 -51 -104 0
172 -51 -105 0
172 -51 -106 0
172 -51 -108 0
172 -51 -109 0
172 -51 -110 0
172 -51 -116 0
172 -51 -117 0
172 -51 -118 0
172 -51 -120 0
172 -51 -121 0
172 -51 -122 0
172 -51 -124 0
172 -51 -125 0
172 -51 -126 0
172 -51 -132 0
172 -51 -133 0
172 -51 -134 0
172 -51 -151 0
172 -52 -53 0
172 -52 -55 0
172 -52 -56 0
172 -52 -60 0
172 -52 -61 0
172 -52 -63 0
172 -52 -64 0
172 -52 -65 0
172 -52 -66 0
172 -52 -71 0
172 -52 -87 0
172 -52 -89 0
172 -52 -90 0
172 -52 -91 0
172 -52 -93 0
172 -52 -94 0
172 -52 -99 0
172 -52 -101 0
172 -52 -102 0
172 -52 -103 0
172 -52 -105 0
172 -52 -106 0
172 -52 -107 0
172 -52 -109 0
172 -52 -110 0
172 -52 -115 0
172 -52 -117 0
172 -52 -118 0
172 -52 -119 0
172 -52 -121 0
172 -52 -122 0
172 -52 -123 0
172 -52 -125 0
172 -52 -126 0
172 -52 -131 0
172 -52 -133 0
172 -52 -134 0
172 -52 -152 0
172 -53 -54 0
172 -53 -55 0
172 -53 -56 0
172 -53 -57 0
172 -53 -58 0
172 -53 -60 0
172 -53 -61 0
172 -53 -67 0
172 -53 -68 0
172 -53 -70 0
172 -53 -87 0
172 -53 -88 0
172 -53 -90 0
172 -53 -91 0
172 -53 -92 0
172 -53 -94 0
172 -53 -95 0
172 -53 -96 0
172 -53 -98 0
172 -53 -103 0
172 -53 -104 0
172 -53 -106 0
172 -53 -107 0
172 -53 -108 0
172 -53 -110 0
172 -53 -111 0
172 -53 -112 0
172 -53 -114 0
172 -53 -119 0
172 -53 -120 0
172 -53 -122 0
172 -53 -123 0
172 -53 -124 0
172 -53 -126 0
172 -53 -127 0
172 -53 -128 0
172 -53 -130 0
172 -53 -153 0
172 -54 -55 0
172 -54 -56 0
172 -54 -57 0
172 -54 -58 0
172 -54 -59 0
172 -54 -62 0
172 -54 -65 0
172 -54 -66 0
172 -54 -67 0
172 -54 -68 0
172 -54 -69 0
172 -54 -87 0
172 -54 -88 0
172 -54 -89 0
172 -54 -91 0
172 -54 -92 0
172 -54 -93 0
172 -54 -95 0
172 -54 -96 0
172 -54 -97 0
172 -54 -103 0
172 -54 -104 0
172 -54 -105 0
172 -54 -107 0
172 -54 -108 0
172 -54 -109 0
172 -54 -111 0
172 -54 -112 0
172 -54 -113 0
172 -54 -119 0
172 -54 -120 0
172 -54 -121 0
172 -54 -123 0
172 -54 -124 0
172 -54 -125 0
172 -54 -127 0
172 -54 -128 0
172 -54 -129 0
172 -54 -154 0
172 -55 -56 0
172 -55 -58 0
172 -55 -59 0
172 -55 -60 0
172 -55 -63 0
172 -55 -65 0
172 -55 -66 0
172 -55 -68 0
172 -55 -69 0
172 -55 -70 0
172 -55 -88 0
172 -55 -89 0
172 -55 -90 0
172 -55 -92 0
172 -55 -93 0
172 -55 -94 0
172 -55 -96 0
172 -55 -97 0
172 -55 -98 0
172 -55 -104 0
172 -55 -105 0
172 -55 -106 0
172 -55 -108 0
172 -55 -109 0
172 -55 -110 0
172 -55 -112 0
172 -55 -113 0
172 -55 -114 0
172 -55 -120 0
172 -55 -121 0
172 -55 -122 0
172 -55 -124 0
172 -55 -125 0
172 -55 -126 0
172 -55 -128 0
172 -55 -129 0
172 -55 -130 0
172 -55 -155 0
172 -56 -57 0
172 -56 -59 0
172 -56 -60 0
172 -56 -64 0
172 -56 -65 0
172 -56 -66 0
172 -56 -67 0
172 -56 -69 0
172 -56 -70 0
172 -56 -87 0
172 -56 -89 0
172 -56 -90 0
172 -56 -91 0
172 -56 -93 0
172 -56 -94 0
172 -56 -95 0
172 -56 -97 0
172 -56 -98 0
172 -56 -103 0
172 -56 -105 0
172 -56 -106 0
172 -56 -107 0
172 -56 -109 0
172 -56 -110 0
172 -56 -111 0
172 -56 -113 0
172 -56 -114 0
172 -56 -119 0
172 -56 -121 0
172 -56 -122 0
172 -56 -123 0
172 -56 -125 0
172 -56 -126 0
172 -56 -127 0
172 -56 -129 0
172 -56 -130 0
172 -56 -156 0
172 -57 -58 0
172 -57 -59 0
172 -57 -60 0
172 -57 -61 0
172 -57 -62 0
172 -57 -64 0
172 -57 -67 0
172 -57 -68 0
172 -57 -70 0
172 -57 -91 0
172 -57 -92 0
172 -57 -94 0
172 -57 -95 0
172 -57 -96 0
172 -57 -98 0
172 -57 -99 0
172 -57 -100 0
172 -57 -102 0
172 -57 -107 0
172 -57 -108 0
172 -57 -110 0
172 -57 -111 0
172 -57 -112 0
172 -57 -114 0
172 -57 -115 0
172 -57 -116 0
172 -57 -118 0
172 -57 -123 0
172 -57 -124 0
172 -57 -126 0
172 -57 -127 0
172 -57 -128 0
172 -57 -130 0
172 -57 -131 0
172 -57 -132 0
172 -57 -134 0
172 -57 -157 0
172 -58 -59 0
172 -58 -60 0
172 -58 -61 0
172 -58 -62 0
172 -58 -63 0
172 -58 -66 0
172 -58 -67 0
172 -58 -68 0
172 -58 -69 0
172 -58 -71 0
172 -58 -91 0
172 -58 -92 0
172 -58 -93 0
172 -58 -95 0
172 -58 -96 0
172 -58 -97 0
172 -58 -99 0
172 -58 -100 0
172 -58 -101 0
172 -58 -107 0
172 -58 -108 0
172 -58 -109 0
172 -58 -111 0
172 -58 -112 0
172 -58 -113 0
172 -58 -115 0
172 -58 -116 0
172 -58 -117 0
172 -58 -123 0
172 -58 -124 0
172 -58 -125 0
172 -58 -127 0
172 -58 -128 0
172 -58 -129 0
172 -58 -131 0
172 -58 -132 0
172 -58 -133 0
172 -58 -158 0
172 -59 -60 0
172 -59 -62 0
172 -59 -63 0
172 -59 -64 0
172 -59 -66 0
172 -59 -68 0
172 -59 -69 0
172 -59 -70 0
172 -59 -71 0
172 -59 -92 0
172 -59 -93 0
172 -59 -94 0
172 -59 -96 0
172 -59 -97 0
172 -59 -98 0
172 -59 -100 0
172 -59 -101 0
172 -59 -102 0
172 -59 -108 0
172 -59 -109 0
172 -59 -110 0
172 -59 -112 0
172 -59 -113 0
172 -59 -114 0
172 -59 -116 0
172 -59 -117 0
172 -59 -118 0
172 -59 -124 0
172 -59 -125 0
172 -59 -126 0
172 -59 -128 0
172 -59 -129 0
172 -59 -130 0
172 -59 -132 0
172 -59 -133 0
172 -59 -134 0
172 -59 -159 0
172 -60 -61 0
172 -60 -63 0
172 -60 -64 0
172 -60 -66 0
172 -60 -67 0
172 -60 -69 0
172 -60 -70 0
172 -60 -71 0
172 -60 -91 0
172 -60 -93 0
172 -60 -94 0
172 -60 -95 0
172 -60 -97 0
172 -60 -98 0
172 -60 -99 0
172 -60 -101 0
172 -60 -102 0
172 -60 -107 0
172 -60 -109 0
172 -60 -110 0
172 -60 -111 0
172 -60 -113 0
172 -60 -114 0
172 -60 -115 0
172 -60 -117 0
172 -60 -118 0
172 -60 -123 0
172 -60 -125 0
172 -60 -126 0
172 -60 -127 0
172 -60 -129 0
172 -60 -130 0
172 -60 -131 0
172 -60 -133 0
172 -60 -134 0
172 -60 -160 0
172 -61 -62 0
172 -61 -63 0
172 -61 -64 0
172 -61 -67 0
172 -61 -68 0
172 -61 -70 0
172 -61 -87 0
172 -61 -88 0
172 -61 -90 0
172 -61 -95 0
172 -61 -96 0
172 -61 -98 0
172 -61 -99 0
172 -61 -100 0
172 -61 -102 0
172 -61 -103 0
172 -61 -104 0
172 -61 -106 0
172 -61 -111 0
172 -61 -112 0
172 -61 -114 0
172 -61 -115 0
172 -61 -116 0
172 -61 -118 0
172 -61 -119 0
172 -61 -120 0
172 -61 -122 0
172 -61 -127 0
172 -61 -128 0
172 -61 -130 0
172 -61 -131 0
172 -61 -132 0
172 -61 -134 0
172 -61 -161 0
172 -62 -63 0
172 -62 -64 0
172 -62 -65 0
172 -62 -67 0
172 -62 -68 0
172 -62 -69 0
172 -62 -71 0
172 -62 -87 0
172 -62 -88 0
172 -62 -89 0
172 -62 -95 0
172 -62 -96 0
172 -62 -97 0
172 -62 -99 0
172 -62 -100 0
172 -62 -101 0
172 -62 -103 0
172 -62 -104 0
172 -62 -105 0
172 -62 -111 0
172 -62 -112 0
172 -62 -113 0
172 -62 -115 0
172 -62 -116 0
172 -62 -117 0
172 -62 -119 0
172 -62 -120 0
172 -62 -121 0
172 -62 -127 0
172 -62 -128 0
172 -62 -129 0
172 -62 -131 0
172 -62 -132 0
172 -62 -133 0
172 -62 -162 0
172 -63 -64 0
172 -63 -65 0
172 -63 -68 0
172 -63 -69 0
172 -63 -70 0
172 -63 -71 0
172 -63 -88 0
172 -63 -89 0
172 -63 -90 0
172 -63 -96 0
172 -63 -97 0
172 -63 -98 0
172 -63 -100 0
172 -63 -101 0
172 -63 -102 0
172 -63 -104 0
172 -63 -105 0
172 -63 -106 0
172 -63 -112 0
172 -63 -113 0
172 -63 -114 0
172 -63 -116 0
172 -63 -117 0
172 -63 -118 0
172 -63 -120 0
172 -63 -121 0
172 -63 -122 0
172 -63 -128 0
172 -63 -129 0
172 -63 -130 0
172 -63 -132 0
172 -63 -133 0
172 -63 -134 0
172 -63 -163 0
172 -64 -65 0
172 -64 -67 0
172 -64 -69 0
172 -64 -70 0
172 -64 -71 0
172 -64 -87 0
172 -64 -89 0
172 -64 -90 0
172 -64 -95 0
172 -64 -97 0
172 -64 -98 0
172 -64 -99 0
172 -64 -101 0
172 -64 -102 0
172 -64 -103 0
172 -64 -105 0
172 -64 -106 0
172 -64 -111 0
172 -64 -113 0
172 -64 -114 0
172 -64 -115 0
172 -64 -117 0
172 -64 -118 0
172 -64 -119 0
172 -64 -121 0
172 -64 -122 0
172 -64 -127 0
172 -64 -129 0
172 -64 -130 0
172 -64 -131 0
172 -64 -133 0
172 -64 -134 0
172 -64 -164 0
172 -65 -66 0
172 -65 -69 0
172 -65 -71 0
172 -65 -72 0
172 -65 -73 0
172 -65 -74 0
172 -65 -76 0
172 -65 -77 0
172 -65 -78 0
172 -65 -84 0
172 -65 -85 0
172 -65 -86 0
172 -65 -104 0
172 -65 -105 0
172 -65 -106 0
172 -65 -108 0
172 -65 -109 0
172 -65 -110 0
172 -65 -116 0
172 -65 -117 0
172 -65 -118 0
172 -65 -120 0
172 -65 -121 0
172 -65 -122 0
172 -65 -124 0
172 -65 -125 0
172 -65 -126 0
172 -65 -132 0
172 -65 -133 0
172 -65 -134 0
172 -65 -165 0
172 -66 -68 0
172 -66 -69 0
172 -66 -70 0
172 -66 -71 0
172 -66 -72 0
172 -66 -73 0
172 -66 -74 0
172 -66 -76 0
172 -66 -77 0
172 -66 -78 0
172 -66 -80 0
172 -66 -81 0
172 -66 -82 0
172 -66 -104 0
172 -66 -105 0
172 -66 -106 0
172 -66 -108 0
172 -66 -109 0
172 -66 -110 0
172 -66 -112 0
172 -66 -113 0
172 -66 -114 0
172 -66 -120 0
172 -66 -121 0
172 -66 -122 0
172 -66 -124 0
172 -66 -125 0
172 -66 -126 0
172 -66 -128 0
172 -66 -129 0
172 -66 -130 0
172 -66 -166 0
172 -67 -68 0
172 -67 -69 0
172 -67 -70 0
172 -67 -75 0
172 -67 -76 0
172 -67 -78 0
172 -67 -79 0
172 -67 -80 0
172 -67 -82 0
172 -67 -83 0
172 -67 -84 0
172 -67 -86 0
172 -67 -107 0
172 -67 -108 0
172 -67 -110 0
172 -67 -111 0
172 -67 -112 0
172 -67 -114 0
172 -67 -115 0
172 -67 -116 0
172 -67 -118 0
172 -67 -123 0
172 -67 -124 0
172 -67 -126 0
172 -67 -127 0
172 -67 -128 0
172 -67 -130 0
172 -67 -131 0
172 -67 -132 0
172 -67 -134 0
172 -67 -167 0
172 -68 -69 0
172 -68 -70 0
172 -68 -71 0
172 -68 -75 0
172 -68 -76 0
172 -68 -77 0
172 -68 -79 0
172 -68 -80 0
172 -68 -81 0
172 -68 -83 0
172 -68 -84 0
172 -68 -85 0
172 -68 -107 0
172 -68 -108 0
172 -68 -109 0
172 -68 -111 0
172 -68 -112 0
172 -68 -113 0
172 -68 -115 0
172 -68 -116 0
172 -68 -117 0
172 -68 -123 0
172 -68 -124 0
172 -68 -125 0
172 -68 -127 0
172 -68 -128 0
172 -68 -129 0
172 -68 -131 0
172 -68 -132 0
172 -68 -133 0
172 -68 -168 0
172 -69 -70 0
172 -69 -71 0
172 -69 -76 0
172 -69 -77 0
172 -69 -78 0
172 -69 -80 0
172 -69 -81 0
172 -69 -82 0
172 -69 -84 0
172 -69 -85 0
172 -69 -86 0
172 -69 -108 0
172 -69 -109 0
172 -69 -110 0
172 -69 -112 0
172 -69 -113 0
172 -69 -114 0
172 -69 -116 0
172 -69 -117 0
172 -69 -118 0
172 -69 -124 0
172 -69 -125 0
172 -69 -126 0
172 -69 -128 0
172 -69 -129 0
172 -69 -130 0
172 -69 -132 0
172 -69 -133 0
172 -69 -134 0
172 -69 -169 0
172 -70 -71 0
172 -70 -75 0
172 -70 -77 0
172 -70 -78 0
172 -70 -79 0
172 -70 -81 0
172 -70 -82 0
172 -70 -83 0
172 -70 -85 0
172 -70 -86 0
172 -70 -107 0
172 -70 -109 0
172 -70 -110 0
172 -70 -111 0
172 -70 -113 0
172 -70 -114 0
172 -70 -115 0
172 -70 -117 0
172 -70 -118 0
172 -70 -123 0
172 -70 -125 0
172 -70 -126 0
172 -70 -127 0
172 -70 -129 0
172 -70 -130 0
172 -70 -131 0
172 -70 -133 0
172 -70 -134 0
172 -70 -170 0
172 -71 -72 0
172 -71 -73 0
172 -71 -74 0
172 -71 -80 0
172 -71 -81 0
172 -71 -82 0
172 -71 -84 0
172 -71 -85 0
172 -71 -86 0
172 -71 -104 0
172 -71 -105 0
172 -71 -106 0
172 -71 -112 0
172 -71 -113 0
172 -71 -114 0
172 -71 -116 0
172 -71 -117 0
172 -71 -118 0
172 -71 -120 0
172 -71 -121 0
172 -71 -122 0
172 -71 -128 0
172 -71 -129 0
172 -71 -130 0
172 -71 -132 0
172 -71 -133 0
172 -71 -134 0
172 -71 -171 0
172 -72 -73 0
172 -72 -74 0
172 -72 -75 0
172 -72 -76 0
172 -72 -77 0
172 -72 -80 0
172 -72 -83 0
172 -72 -84 0
172 -72 -85 0
172 -72 -87 0
172 -72 -88 0
172 -72 -89 0
172 -72 -91 0
172 -72 -92 0
172 -72 -93 0
172 -72 -99 0
172 -72 -100 0
172 -72 -101 0
172 -72 -104 0
172 -72 -119 0
172 -72 -120 0
172 -72 -121 0
172 -72 -123 0
172 -72 -124 0
172 -72 -125 0
172 -72 -131 0
172 -72 -132 0
172 -72 -133 0
172 -72 -135 0
172 -72 -136 0
172 -72 -141 0
172 -72 -142 0
172 -72 -143 0
172 -72 -148 0
172 -72 -165 0
172 -72 -166 0
172 -72 -171 0
172 -73 -74 0
172 -73 -76 0
172 -73 -77 0
172 -73 -78 0
172 -73 -81 0
172 -73 -84 0
172 -73 -85 0
172 -73 -86 0
172 -73 -88 0
172 -73 -89 0
172 -73 -90 0
172 -73 -92 0
172 -73 -93 0
172 -73 -94 0
172 -73 -100 0
172 -73 -101 0
172 -73 -102 0
172 -73 -105 0
172 -73 -120 0
172 -73 -121 0
172 -73 -122 0
172 -73 -124 0
172 -73 -125 0
172 -73 -126 0
172 -73 -132 0
172 -73 -133 0
172 -73 -134 0
172 -73 -135 0
172 -73 -136 0
172 -73 -141 0
172 -73 -142 0
172 -73 -143 0
172 -73 -148 0
172 -73 -165 0
172 -73 -166 0
172 -73 -171 0
172 -74 -75 0
172 -74 -77 0
172 -74 -78 0
172 -74 -82 0
172 -74 -83 0
172 -74 -85 0
172 -74 -86 0
172 -74 -87 0
172 -74 -89 0
172 -74 -90 0
172 -74 -91 0
172 -74 -93 0
172 -74 -94 0
172 -74 -99 0
172 -74 -101 0
172 -74 -102 0
172 -74 -106 0
172 -74 -119 0
172 -74 -121 0
172 -74 -122 0
172 -74 -123 0
172 -74 -125 0
172 -74 -126 0
172 -74 -131 0
172 -74 -133 0
172 -74 -134 0
172 -74 -135 0
172 -74 -136 0
172 -74 -141 0
172 -74 -142 0
172 -74 -143 0
172 -74 -148 0
172 -74 -165 0
172 -74 -166 0
172 -74 -171 0
172 -75 -76 0
172 -75 -77 0
172 -75 -78 0
172 -75 -79 0
172 -75 -80 0
172 -75 -82 0
172 -75 -83 0
172 -75 -87 0
172 -75 -88 0
172 -75 -90 0
172 -75 -91 0
172 -75 -92 0
172 -75 -94 0
172 -75 -95 0
172 -75 -96 0
172 -75 -98 0
172 -75 -107 0
172 -75 -119 0
172 -75 -120 0
172 -75 -122 0
172 -75 -123 0
172 -75 -124 0
172 -75 -126 0
172 -75 -127 0
172 -75 -128 0
172 -75 -130 0
172 -75 -137 0
172 -75 -138 0
172 -75 -140 0
172 -75 -144 0
172 -75 -145 0
172 -75 -147 0
172 -75 -167 0
172 -75 -168 0
172 -75 -170 0
172 -76 -77 0
172 -76 -78 0
172 -76 -79 0
172 -76 -80 0
172 -76 -81 0
172 -76 -84 0
172 -76 -87 0
172 -76 -88 0
172 -76 -89 0
172 -76 -91 0
172 -76 -92 0
172 -76 -93 0
172 -76 -95 0
172 -76 -96 0
172 -76 -97 0
172 -76 -108 0
172 -76 -119 0
172 -76 -120 0
172 -76 -121 0
172 -76 -123 0
172 -76 -124 0
172 -76 -125 0
172 -76 -127 0
172 -76 -128 0
172 -76 -129 0
172 -76 -135 0
172 -76 -136 0
172 -76 -137 0
172 -76 -138 0
172 -76 -139 0
172 -76 -142 0
172 -76 -143 0
172 -76 -144 0
172 -76 -145 0
172 -76 -146 0
172 -76 -165 0
172 -76 -166 0
172 -76 -167 0
172 -76 -168 0
172 -76 -169 0
172 -77 -78 0
172 -77 -80 0
172 -77 -81 0
172 -77 -82 0
172 -77 -85 0
172 -77 -88 0
172 -77 -89 0
172 -77 -90 0
172 -77 -92 0
172 -77 -93 0
172 -77 -94 0
172 -77 -96 0
172 -77 -97 0
172 -77 -98 0
172 -77 -109 0
172 -77 -120 0
172 -77 -121 0
172 -77 -122 0
172 -77 -124 0
172 -77 -125 0
172 -77 -126 0
172 -77 -128 0
172 -77 -129 0
172 -77 -130 0
172 -77 -135 0
172 -77 -136 0
172 -77 -138 0
172 -77 -139 0
172 -77 -140 0
172 -77 -142 0
172 -77 -143 0
172 -77 -145 0
172 -77 -146 0
172 -77 -147 0
172 -77 -165 0
172 -77 -166 0
172 -77 -168 0
172 -77 -169 0
172 -77 -170 0
172 -78 -79 0
172 -78 -81 0
172 -78 -82 0
172 -78 -86 0
172 -78 -87 0
172 -78 -89 0
172 -78 -90 0
172 -78 -91 0
172 -78 -93 0
172 -78 -94 0
172 -78 -95 0
172 -78 -97 0
172 -78 -98 0
172 -78 -110 0
172 -78 -119 0
172 -78 -121 0
172 -78 -122 0
172 -78 -123 0
172 -78 -125 0
172 -78 -126 0
172 -78 -127 0
172 -78 -129 0
172 -78 -130 0
172 -78 -135 0
172 -78 -136 0
172 -78 -137 0
172 -78 -139 0
172 -78 -140 0
172 -78 -142 0
172 -78 -143 0
172 -78 -144 0
172 -78 -146 0
172 -78 -147 0
172 -78 -165 0
172 -78 -166 0
172 -78 -167 0
172 -78 -169 0
172 -78 -170 0
172 -79 -80 0
172 -79 -81 0
172 -79 -82 0
172 -79 -83 0
172 -79 -84 0
172 -79 -86 0
172 -79 -91 0
172 -79 -92 0
172 -79 -94 0
172 -79 -95 0
172 -79 -96 0
172 -79 -98 0
172 -79 -99 0
172 -79 -100 0
172 -79 -102 0
172 -79 -111 0
172 -79 -123 0
172 -79 -124 0
172 -79 -126 0
172 -79 -127 0
172 -79 -128 0
172 -79 -130 0
172 -79 -131 0
172 -79 -132 0
172 -79 -134 0
172 -79 -137 0
172 -79 -138 0
172 -79 -140 0
172 -79 -144 0
172 -79 -145 0
172 -79 -147 0
172 -79 -167 0
172 -79 -168 0
172 -79 -170 0
172 -80 -81 0
172 -80 -82 0
172 -80 -83 0
172 -80 -84 0
172 -80 -85 0
172 -80 -91 0
172 -80 -92 0
172 -80 -93 0
172 -80 -95 0
172 -80 -96 0
172 -80 -97 0
172 -80 -99 0
172 -80 -100 0
172 -80 -101 0
172 -80 -112 0
172 -80 -123 0
172 -80 -124 0
172 -80 -125 0
172 -80 -127 0
172 -80 -128 0
172 -80 -129 0
172 -80 -131 0
172 -80 -132 0
172 -80 -133 0
172 -80 -136 0
172 -80 -137 0
172 -80 -138 0
172 -80 -139 0
172 -80 -141 0
172 -80 -143 0
172 -80 -144 0
172 -80 -145 0
172 -80 -146 0
172 -80 -148 0
172 -80 -166 0
172 -80 -167 0
172 -80 -168 0
172 -80 -169 0
172 -80 -171 0
172 -81 -82 0
172 -81 -84 0
172 -81 -85 0
172 -81 -86 0
172 -81 -92 0
172 -81 -93 0
172 -81 -94 0
172 -81 -96 0
172 -81 -97 0
172 -81 -98 0
172 -81 -100 0
172 -81 -101 0
172 -81 -102 0
172 -81 -113 0
172 -81 -124 0
172 -81 -125 0
172 -81 -126 0
172 -81 -128 0
172 -81 -129 0
172 -81 -130 0
172 -81 -132 0
172 -81 -133 0
172 -81 -134 0
172 -81 -136 0
172 -81 -138 0
172 -81 -139 0
172 -81 -140 0
172 -81 -141 0
172 -81 -143 0
172 -81 -145 0
172 -81 -146 0
172 -81 -147 0
172 -81 -148 0
172 -81 -166 0
172 -81 -168 0
172 -81 -169 0
172 -81 -170 0
172 -81 -171 0
172 -82 -83 0
172 -82 -85 0
172 -82 -86 0
172 -82 -91 0
172 -82 -93 0
172 -82 -94 0
172 -82 -95 0
172 -82 -97 0
172 -82 -98 0
172 -82 -99 0
172 -82 -101 0
172 -82 -102 0
172 -82 -114 0
172 -82 -123 0
172 -82 -125 0
172 -82 -126 0
172 -82 -127 0
172 -82 -129 0
172 -82 -130 0
172 -82 -131 0
172 -82 -133 0
172 -82 -134 0
172 -82 -136 0
172 -82 -137 0
172 -82 -139 0
172 -82 -140 0
172 -82 -141 0
172 -82 -143 0
172 -82 -144 0
172 -82 -146 0
172 -82 -147 0
172 -82 -148 0
172 -82 -166 0
172 -82 -167 0
172 -82 -169 0
172 -82 -170 0
172 -82 -171 0
172 -83 -84 0
172 -83 -85 0
172 -83 -86 0
172 -83 -87 0
172 -83 -88 0
172 -83 -90 0
172 -83 -95 0
172 -83 -96 0
172 -83 -98 0
172 -83 -99 0
172 -83 -100 0
172 -83 -102 0
172 -83 -115 0
172 -83 -119 0
172 -83 -120 0
172 -83 -122 0
172 -83 -127 0
172 -83 -128 0
172 -83 -130 0
172 -83 -131 0
172 -83 -132 0
172 -83 -134 0
172 -83 -137 0
172 -83 -138 0
172 -83 -140 0
172 -83 -144 0
172 -83 -145 0
172 -83 -147 0
172 -83 -167 0
172 -83 -168 0
172 -83 -170 0
172 -84 -85 0
172 -84 -86 0
172 -84 -87 0
172 -84 -88 0
172 -84 -89 0
172 -84 -95 0
172 -84 -96 0
172 -84 -97 0
172 -84 -99 0
172 -84 -100 0
172 -84 -101 0
172 -84 -116 0
172 -84 -119 0
172 -84 -120 0
172 -84 -121 0
172 -84 -127 0
172 -84 -128 0
172 -84 -129 0
172 -84 -131 0
172 -84 -132 0
172 -84 -133 0
172 -84 -135 0
172 -84 -137 0
172 -84 -138 0
172 -84 -139 0
172 -84 -141 0
172 -84 -142 0
172 -84 -144 0
172 -84 -145 0
172 -84 -146 0
172 -84 -148 0
172 -84 -165 0
172 -84 -167 0
172 -84 -168 0
172 -84 -169 0
172 -84 -171 0
172 -85 -86 0
172 -85 -88 0
172 -85 -89 0
172 -85 -90 0
172 -85 -96 0
172 -85 -97 0
172 -85 -98 0
172 -85 -100 0
172 -85 -101 0
172 -85 -102 0
172 -85 -117 0
172 -85 -120 0
172 -85 -121 0
172 -85 -122 0
172 -85 -128 0
172 -85 -129 0
172 -85 -130 0
172 -85 -132 0
172 -85 -133 0
172 -85 -134 0
172 -85 -135 0
172 -85 -138 0
172 -85 -139 0
172 -85 -140 0
172 -85 -141 0
172 -85 -142 0
172 -85 -145 0
172 -85 -146 0
172 -85 -147 0
172 -85 -148 0
172 -85 -165 0
172 -85 -168 0
172 -85 -169 0
172 -85 -170 0
172 -85 -171 0
172 -86 -87 0
172 -86 -89 0
172 -86 -90 0
172 -86 -95 0
172 -86 -97 0
172 -86 -98 0
172 -86 -99 0
172 -86 -101 0
172 -86 -102 0
172 -86 -118 0
172 -86 -119 0
172 -86 -121 0
172 -86 -122 0
172 -86 -127 0
172 -86 -129 0
172 -86 -130 0
172 -86 -131 0
172 -86 -133 0
172 -86 -134 0
172 -86 -135 0
172 -86 -137 0
172 -86 -139 0
172 -86 -140 0
172 -86 -141 0
172 -86 -142 0
172 -86 -144 0
172 -86 -146 0
172 -86 -147 0
172 -86 -148 0
172 -86 -165 0
172 -86 -167 0
172 -86 -169 0
172 -86 -170 0
172 -86 -171 0
172 -87 -88 0
172 -87 -89 0
172 -87 -90 0
172 -87 -91 0
172 -87 -92 0
172 -87 -94 0
172 -87 -95 0
172 -87 -99 0
172 -87 -100 0
172 -87 -102 0
172 -87 -103 0
172 -87 -104 0
172 -87 -106 0
172 -87 -107 0
172 -87 -108 0
172 -87 -110 0
172 -87 -115 0
172 -87 -116 0
172 -87 -118 0
172 -87 -119 0
172 -87 -149 0
172 -87 -150 0
172 -87 -152 0
172 -87 -153 0
172 -87 -154 0
172 -87 -156 0
172 -87 -161 0
172 -87 -162 0
172 -87 -164 0
172 -88 -89 0
172 -88 -90 0
172 -88 -91 0
172 -88 -92 0
172 -88 -93 0
172 -88 -96 0
172 -88 -99 0
172 -88 -100 0
172 -88 -101 0
172 -88 -103 0
172 -88 -104 0
172 -88 -105 0
172 -88 -107 0
172 -88 -108 0
172 -88 -109 0
172 -88 -115 0
172 -88 -116 0
172 -88 -117 0
172 -88 -120 0
172 -88 -135 0
172 -88 -136 0
172 -88 -141 0
172 -88 -142 0
172 -88 -143 0
172 -88 -148 0
172 -88 -149 0
172 -88 -150 0
172 -88 -151 0
172 -88 -153 0
172 -88 -154 0
172 -88 -155 0
172 -88 -161 0
172 -88 -162 0
172 -88 -163 0
172 -89 -90 0
172 -89 -92 0
172 -89 -93 0
172 -89 -94 0
172 -89 -97 0
172 -89 -100 0
172 -89 -101 0
172 -89 -102 0
172 -89 -104 0
172 -89 -105 0
172 -89 -106 0
172 -89 -108 0
172 -89 -109 0
172 -89 -110 0
172 -89 -116 0
172 -89 -117 0
172 -89 -118 0
172 -89 -121 0
172 -89 -135 0
172 -89 -136 0
172 -89 -141 0
172 -89 -142 0
172 -89 -143 0
172 -89 -148 0
172 -89 -150 0
172 -89 -151 0
172 -89 -152 0
172 -89 -154 0
172 -89 -155 0
172 -89 -156 0
172 -89 -162 0
172 -89 -163 0
172 -89 -164 0
172 -90 -91 0
172 -90 -93 0
172 -90 -94 0
172 -90 -98 0
172 -90 -99 0
172 -90 -101 0
172 -90 -102 0
172 -90 -103 0
172 -90 -105 0
172 -90 -106 0
172 -90 -107 0
172 -90 -109 0
172 -90 -110 0
172 -90 -115 0
172 -90 -117 0
172 -90 -118 0
172 -90 -122 0
172 -90 -135 0
172 -90 -136 0
172 -90 -141 0
172 -90 -142 0
172 -90 -143 0
172 -90 -148 0
172 -90 -149 0
172 -90 -151 0
172 -90 -152 0
172 -90 -153 0
172 -90 -155 0
172 -90 -156 0
172 -90 -161 0
172 -90 -163 0
172 -90 -164 0
172 -91 -92 0
172 -91 -93 0
172 -91 -94 0
172 -91 -95 0
172 -91 -96 0
172 -91 -98 0
172 -91 -99 0
172 -91 -103 0
172 -91 -104 0
172 -91 -106 0
172 -91 -107 0
172 -91 -108 0
172 -91 -110 0
172 -91 -111 0
172 -91 -112 0
172 -91 -114 0
172 -91 -123 0
172 -91 -137 0
172 -91 -138 0
172 -91 -140 0
172 -91 -144 0
172 -91 -145 0
172 -91 -147 0
172 -91 -149 0
172 -91 -150 0
172 -91 -152 0
172 -91 -153 0
172 -91 -154 0
172 -91 -156 0
172 -91 -157 0
172 -91 -158 0
172 -91 -160 0
172 -92 -93 0
172 -92 -94 0
172 -92 -95 0
172 -92 -96 0
172 -92 -97 0
172 -92 -100 0
172 -92 -103 0
172 -92 -104 0
172 -92 -105 0
172 -92 -107 0
172 -92 -108 0
172 -92 -109 0
172 -92 -111 0
172 -92 -112 0
172 -92 -113 0
172 -92 -124 0
172 -92 -135 0
172 -92 -136 0
172 -92 -137 0
172 -92 -138 0
172 -92 -139 0
172 -92 -142 0
172 -92 -143 0
172 -92 -144 0
172 -92 -145 0
172 -92 -146 0
172 -92 -149 0
172 -92 -150 0
172 -92 -151 0
172 -92 -153 0
172 -92 -154 0
172 -92 -155 0
172 -92 -157 0
172 -92 -158 0
172 -92 -159 0
172 -93 -94 0
172 -93 -96 0
172 -93 -97 0
172 -93 -98 0
172 -93 -101 0
172 -93 -104 0
172 -93 -105 0
172 -93 -106 0
172 -93 -108 0
172 -93 -109 0
172 -93 -110 0
172 -93 -112 0
172 -93 -113 0
172 -93 -114 0
172 -93 -125 0
172 -93 -135 0
172 -93 -136 0
172 -93 -138 0
172 -93 -139 0
172 -93 -140 0
172 -93 -142 0
172 -93 -143 0
172 -93 -145 0
172 -93 -146 0
172 -93 -147 0
172 -93 -150 0
172 -93 -151 0
172 -93 -152 0
172 -93 -154 0
172 -93 -155 0
172 -93 -156 0
172 -93 -158 0
172 -93 -159 0
172 -93 -160 0
172 -94 -95 0
172 -94 -97 0
172 -94 -98 0
172 -94 -102 0
172 -94 -103 0
172 -94 -105 0
172 -94 -106 0
172 -94 -107 0
172 -94 -109 0
172 -94 -110 0
172 -94 -111 0
172 -94 -113 0
172 -94 -114 0
172 -94 -126 0
172 -94 -135 0
172 -94 -136 0
172 -94 -137 0
172 -94 -139 0
172 -94 -140 0
172 -94 -142 0
172 -94 -143 0
172 -94 -144 0
172 -94 -146 0
172 -94 -147 0
172 -94 -149 0
172 -94 -151 0
172 -94 -152 0
172 -94 -153 0
172 -94 -155 0
172 -94 -156 0
172 -94 -157 0
172 -94 -159 0
172 -94 -160 0
172 -95 -96 0
172 -95 -97 0
172 -95 -98 0
172 -95 -99 0
172 -95 -100 0
172 -95 -102 0
172 -95 -107 0
172 -95 -108 0
172 -95 -110 0
172 -95 -111 0
172 -95 -112 0
172 -95 -114 0
172 -95 -115 0
172 -95 -116 0
172 -95 -118 0
172 -95 -127 0
172 -95 -137 0
172 -95 -138 0
172 -95 -140 0
172 -95 -144 0
172 -95 -145 0
172 -95 -147 0
172 -95 -153 0
172 -95 -154 0
172 -95 -156 0
172 -95 -157 0
172 -95 -158 0
172 -95 -160 0
172 -95 -161 0
172 -95 -162 0
172 -95 -164 0
172 -96 -97 0
172 -96 -98 0
172 -96 -99 0
172 -96 -100 0
172 -96 -101 0
172 -96 -107 0
172 -96 -108 0
172 -96 -109 0
172 -96 -111 0
172 -96 -112 0
172 -96 -113 0
172 -96 -115 0
172 -96 -116 0
172 -96 -117 0
172 -96 -128 0
172 -96 -136 0
172 -96 -137 0
172 -96 -138 0
172 -96 -139 0
172 -96 -141 0
172 -96 -143 0
172 -96 -144 0
172 -96 -145 0
172 -96 -146 0
172 -96 -148 0
172 -96 -153 0
172 -96 -154 0
172 -96 -155 0
172 -96 -157 0
172 -96 -158 0
172 -96 -159 0
172 -96 -161 0
172 -96 -162 0
172 -96 -163 0
172 -97 -98 0
172 -97 -100 0
172 -97 -101 0
172 -97 -102 0
172 -97 -108 0
172 -97 -109 0
172 -97 -110 0
172 -97 -112 0
172 -97 -113 0
172 -97 -114 0
172 -97 -116 0
172 -97 -117 0
172 -97 -118 0
172 -97 -129 0
172 -97 -136 0
172 -97 -138 0
172 -97 -139 0
172 -97 -140 0
172 -97 -141 0
172 -97 -143 0
172 -97 -145 0
172 -97 -146 0
172 -97 -147 0
172 -97 -148 0
172 -97 -154 0
172 -97 -155 0
172 -97 -156 0
172 -97 -158 0
172 -97 -159 0
172 -97 -160 0
172 -97 -162 0
172 -97 -163 0
172 -97 -164 0
172 -98 -99 0
172 -98 -101 0
172 -98 -102 0
172 -98 -107 0
172 -98 -109 0
172 -98 -110 0
172 -98 -111 0
172 -98 -113 0
172 -98 -114 0
172 -98 -115 0
172 -98 -117 0
172 -98 -118 0
172 -98 -130 0
172 -98 -136 0
172 -98 -137 0
172 -98 -139 0
172 -98 -140 0
172 -98 -141 0
172 -98 -143 0
172 -98 -144 0
172 -98 -146 0
172 -98 -147 0
172 -98 -148 0
172 -98 -153 0
172 -98 -155 0
172 -98 -156 0
172 -98 -157 0
172 -98 -159 0
172 -98 -160 0
172 -98 -161 0
172 -98 -163 0
172 -98 -164 0
172 -99 -100 0
172 -99 -101 0
172 -99 -102 0
172 -99 -103 0
172 -99 -104 0
172 -99 -106 0
172 -99 -111 0
172 -99 -112 0
172 -99 -114 0
172 -99 -115 0
172 -99 -116 0
172 -99 -118 0
172 -99 -131 0
172 -99 -137 0
172 -99 -138 0
172 -99 -140 0
172 -99 -144 0
172 -99 -145 0
172 -99 -147 0
172 -99 -149 0
172 -99 -150 0
172 -99 -152 0
172 -99 -157 0
172 -99 -158 0
172 -99 -160 0
172 -99 -161 0
172 -99 -162 0
172 -99 -164 0
172 -100 -101 0
172 -100 -102 0
172 -100 -103 0
172 -100 -104 0
172 -100 -105 0
172 -100 -111 0
172 -100 -112 0
172 -100 -113 0
172 -100 -115 0
172 -100 -116 0
172 -100 -117 0
172 -100 -132 0
172 -100 -135 0
172 -100 -137 0
172 -100 -138 0
172 -100 -139 0
172 -100 -141 0
172 -100 -142 0
172 -100 -144 0
172 -100 -145 0
172 -100 -146 0
172 -100 -148 0
172 -100 -149 0
172 -100 -150 0
172 -100 -151 0
172 -100 -157 0
172 -100 -158 0
172 -100 -159 0
172 -100 -161 0
172 -100 -162 0
172 -100 -163 0
172 -101 -102 0
172 -101 -104 0
172 -101 -105 0
172 -101 -106 0
172 -101 -112 0
172 -101 -113 0
172 -101 -114 0
172 -101 -116 0
172 -101 -117 0
172 -101 -118 0
172 -101 -133 0
172 -101 -135 0
172 -101 -138 0
172 -101 -139 0
172 -101 -140 0
172 -101 -141 0
172 -101 -142 0
172 -101 -145 0
172 -101 -146 0
172 -101 -147 0
172 -101 -148 0
172 -101 -150 0
172 -101 -151 0
172 -101 -152 0
172 -101 -158 0
172 -101 -159 0
172 -101 -160 0
172 -101 -162 0
172 -101 -163 0
172 -101 -164 0
172 -102 -103 0
172 -102 -105 0
172 -102 -106 0
172 -102 -111 0
172 -102 -113 0
172 -102 -114 0
172 -102 -115 0
172 -102 -117 0
172 -102 -118 0
172 -102 -134 0
172 -102 -135 0
172 -102 -137 0
172 -102 -139 0
172 -102 -140 0
172 -102 -141 0
172 -102 -142 0
172 -102 -144 0
172 -102 -146 0
172 -102 -147 0
172 -102 -148 0
172 -102 -149 0
172 -102 -151 0
172 -102 -152 0
172 -102 -157 0
172 -102 -159 0
172 -102 -160 0
172 -102 -161 0
172 -102 -163 0
172 -102 -164 0
172 -103 -104 0
172 -103 -105 0
172 -103 -106 0
172 -103 -107 0
172 -103 -108 0
172 -103 -110 0
172 -103 -111 0
172 -103 -115 0
172 -103 -116 0
172 -103 -118 0
172 -103 -119 0
172 -103 -120 0
172 -103 -122 0
172 -103 -123 0
172 -103 -124 0
172 -103 -126 0
172 -103 -131 0
172 -103 -132 0
172 -103 -134 0
172 -103 -149 0
172 -103 -150 0
172 -103 -152 0
172 -103 -153 0
172 -103 -154 0
172 -103 -156 0
172 -103 -161 0
172 -103 -162 0
172 -103 -164 0
172 -104 -105 0
172 -104 -106 0
172 -104 -107 0
172 -104 -108 0
172 -104 -109 0
172 -104 -112 0
172 -104 -115 0
172 -104 -116 0
172 -104 -117 0
172 -104 -119 0
172 -104 -120 0
172 -104 -121 0
172 -104 -123 0
172 -104 -124 0
172 -104 -125 0
172 -104 -131 0
172 -104 -132 0
172 -104 -133 0
172 -104 -142 0
172 -104 -143 0
172 -104 -148 0
172 -104 -149 0
172 -104 -150 0
172 -104 -151 0
172 -104 -153 0
172 -104 -154 0
172 -104 -155 0
172 -104 -161 0
172 -104 -162 0
172 -104 -163 0
172 -104 -165 0
172 -104 -166 0
172 -104 -171 0
172 -105 -106 0
172 -105 -108 0
172 -105 -109 0
172 -105 -110 0
172 -105 -113 0
172 -105 -116 0
172 -105 -117 0
172 -105 -118 0
172 -105 -120 0
172 -105 -121 0
172 -105 -122 0
172 -105 -124 0
172 -105 -125 0
172 -105 -126 0
172 -105 -132 0
172 -105 -133 0
172 -105 -134 0
172 -105 -142 0
172 -105 -143 0
172 -105 -148 0
172 -105 -150 0
172 -105 -151 0
172 -105 -152 0
172 -105 -154 0
172 -105 -155 0
172 -105 -156 0
172 -105 -162 0
172 -105 -163 0
172 -105 -164 0
172 -105 -165 0
172 -105 -166 0
172 -105 -171 0
172 -106 -107 0
172 -106 -109 0
172 -106 -110 0
172 -106 -114 0
172 -106 -115 0
172 -106 -117 0
172 -106 -118 0
172 -106 -119 0
172 -106 -121 0
172 -106 -122 0
172 -106 -123 0
172 -106 -125 0
172 -106 -126 0
172 -106 -131 0
172 -106 -133 0
172 -106 -134 0
172 -106 -142 0
172 -106 -143 0
172 -106 -148 0
172 -106 -149 0
172 -106 -151 0
172 -106 -152 0
172 -106 -153 0
172 -106 -155 0
172 -106 -156 0
172 -106 -161 0
172 -106 -163 0
172 -106 -164 0
172 -106 -165 0
172 -106 -166 0
172 -106 -171 0
172 -107 -108 0
172 -107 -109 0
172 -107 -110 0
172 -107 -111 0
172 -107 -112 0
172 -107 -114 0
172 -107 -115 0
172 -107 -119 0
172 -107 -120 0
172 -107 -122 0
172 -107 -123 0
172 -107 -124 0
172 -107 -126 0
172 -107 -127 0
172 -107 -128 0
172 -107 -130 0
172 -107 -144 0
172 -107 -145 0
172 -107 -147 0
172 -107 -149 0
172 -107 -150 0
172 -107 -152 0
172 -107 -153 0
172 -107 -154 0
172 -107 -156 0
172 -107 -157 0
172 -107 -158 0
172 -107 -160 0
172 -107 -167 0
172 -107 -168 0
172 -107 -170 0
172 -108 -109 0
172 -108 -110 0
172 -108 -111 0
172 -108 -112 0
172 -108 -113 0
172 -108 -116 0
172 -108 -119 0
172 -108 -120 0
172 -108 -121 0
172 -108 -123 0
172 -108 -124 0
172 -108 -125 0
172 -108 -127 0
172 -108 -128 0
172 -108 -129 0
172 -108 -142 0
172 -108 -143 0
172 -108 -144 0
172 -108 -145 0
172 -108 -146 0
172 -108 -149 0
172 -108 -150 0
172 -108 -151 0
172 -108 -153 0
172 -108 -154 0
172 -108 -155 0
172 -108 -157 0
172 -108 -158 0
172 -108 -159 0
172 -108 -165 0
172 -108 -166 0
172 -108 -167 0
172 -108 -168 0
172 -108 -169 0
172 -109 -110 0
172 -109 -112 0
172 -109 -113 0
172 -109 -114 0
172 -109 -117 0
172 -109 -120 0
172 -109 -121 0
172 -109 -122 0
172 -109 -124 0
172 -109 -125 0
172 -109 -126 0
172 -109 -128 0
172 -109 -129 0
172 -109 -130 0
172 -109 -142 0
172 -109 -143 0
172 -109 -145 0
172 -109 -146 0
172 -109 -147 0
172 -109 -150 0
172 -109 -151 0
172 -109 -152 0
172 -109 -154 0
172 -109 -155 0
172 -109 -156 0
172 -109 -158 0
172 -109 -159 0
172 -109 -160 0
172 -109 -165 0
172 -109 -166 0
172 -109 -168 0
172 -109 -169 0
172 -109 -170 0
172 -110 -111 0
172 -110 -113 0
172 -110 -114 0
172 -110 -118 0
172 -110 -119 0
172 -110 -121 0
172 -110 -122 0
172 -110 -123 0
172 -110 -125 0
172 -110 -126 0
172 -110 -127 0
172 -110 -129 0
172 -110 -130 0
172 -110 -142 0
172 -110 -143 0
172 -110 -144 0
172 -110 -146 0
172 -110 -147 0
172 -110 -149 0
172 -110 -151 0
172 -110 -152 0
172 -110 -153 0
172 -110 -155 0
172 -110 -156 0
172 -110 -157 0
172 -110 -159 0
172 -110 -160 0
172 -110 -165 0
172 -110 -166 0
172 -110 -167 0
172 -110 -169 0
172 -110 -170 0
172 -111 -112 0
172 -111 -113 0
172 -111 -114 0
172 -111 -115 0
172 -111 -116 0
172 -111 -118 0
172 -111 -123 0
172 -111 -124 0
172 -111 -126 0
172 -111 -127 0
172 -111 -128 0
172 -111 -130 0
172 -111 -131 0
172 -111 -132 0
172 -111 -134 0
172 -111 -144 0
172 -111 -145 0
172 -111 -147 0
172 -111 -153 0
172 -111 -154 0
172 -111 -156 0
172 -111 -157 0
172 -111 -158 0
172 -111 -160 0
172 -111 -161 0
172 -111 -162 0
172 -111 -164 0
172 -111 -167 0
172 -111 -168 0
172 -111 -170 0
172 -112 -113 0
172 -112 -114 0
172 -112 -115 0
172 -112 -116 0
172 -112 -117 0
172 -112 -123 0
172 -112 -124 0
172 -112 -125 0
172 -112 -127 0
172 -112 -128 0
172 -112 -129 0
172 -112 -131 0
172 -112 -132 0
172 -112 -133 0
172 -112 -143 0
172 -112 -144 0
172 -112 -145 0
172 -112 -146 0
172 -112 -148 0
172 -112 -153 0
172 -112 -154 0
172 -112 -155 0
172 -112 -157 0
172 -112 -158 0
172 -112 -159 0
172 -112 -161 0
172 -112 -162 0
172 -112 -163 0
172 -112 -166 0
172 -112 -167 0
172 -112 -168 0
172 -112 -169 0
172 -112 -171 0
172 -113 -114 0
172 -113 -116 0
172 -113 -117 0
172 -113 -118 0
172 -113 -124 0
172 -113 -125 0
172 -113 -126 0
172 -113 -128 0
172 -113 -129 0
172 -113 -130 0
172 -113 -132 0
172 -113 -133 0
172 -113 -134 0
172 -113 -143 0
172 -113 -145 0
172 -113 -146 0
172 -113 -147 0
172 -113 -148 0
172 -113 -154 0
172 -113 -155 0
172 -113 -156 0
172 -113 -158 0
172 -113 -159 0
172 -113 -160 0
172 -113 -162 0
172 -113 -163 0
172 -113 -164 0
172 -113 -166 0
172 -113 -168 0
172 -113 -169 0
172 -113 -170 0
172 -113 -171 0
172 -114 -115 0
172 -114 -117 0
172 -114 -118 0
172 -114 -123 0
172 -114 -125 0
172 -114 -126 0
172 -114 -127 0
172 -114 -129 0
172 -114 -130 0
172 -114 -131 0
172 -114 -133 0
172 -114 -134 0
172 -114 -143 0
172 -114 -144 0
172 -114 -146 0
172 -114 -147 0
172 -114 -148 0
172 -114 -153 0
172 -114 -155 0
172 -114 -156 0
172 -114 -157 0
172 -114 -159 0
172 -114 -160 0
172 -114 -161 0
172 -114 -163 0
172 -114 -164 0
172 -114 -166 0
172 -114 -167 0
172 -114 -169 0
172 -114 -170 0
172 -114 -171 0
172 -115 -116 0
172 -115 -117 0
172 -115 -118 0
172 -115 -119 0
172 -115 -120 0
172 -115 -122 0
172 -115 -127 0
172 -115 -128 0
172 -115 -130 0
172 -115 -131 0
172 -115 -132 0
172 -115 -134 0
172 -115 -144 0
172 -115 -145 0
172 -115 -147 0
172 -115 -149 0
172 -115 -150 0
172 -115 -152 0
172 -115 -157 0
172 -115 -158 0
172 -115 -160 0
172 -115 -161 0
172 -115 -162 0
172 -115 -164 0
172 -115 -167 0
172 -115 -168 0
172 -115 -170 0
172 -116 -117 0
172 -116 -118 0
172 -116 -119 0
172 -116 -120 0
172 -116 -121 0
172 -116 -127 0
172 -116 -128 0
172 -116 -129 0
172 -116 -131 0
172 -116 -132 0
172 -116 -133 0
172 -116 -142 0
172 -116 -144 0
172 -116 -145 0
172 -116 -146 0
172 -116 -148 0
172 -116 -149 0
172 -116 -150 0
172 -116 -151 0
172 -116 -157 0
172 -116 -158 0
172 -116 -159 0
172 -116 -161 0
172 -116 -162 0
172 -116 -163 0
172 -116 -165 0
172 -116 -167 0
172 -116 -168 0
172 -116 -169 0
172 -116 -171 0
172 -117 -118 0
172 -117 -120 0
172 -117 -121 0
172 -117 -122 0
172 -117 -128 0
172 -117 -129 0
172 -117 -130 0
172 -117 -132 0
172 -117 -133 0
172 -117 -134 0
172 -117 -142 0
172 -117 -145 0
172 -117 -146 0
172 -117 -147 0
172 -117 -148 0
172 -117 -150 0
172 -117 -151 0
172 -117 -152 0
172 -117 -158 0
172 -117 -159 0
172 -117 -160 0
172 -117 -162 0
172 -117 -163 0
172 -117 -164 0
172 -117 -165 0
172 -117 -168 0
172 -117 -169 0
172 -117 -170 0
172 -117 -171 0
172 -118 -119 0
172 -118 -121 0
172 -118 -122 0
172 -118 -127 0
172 -118 -129 0
172 -118 -130 0
172 -118 -131 0
172 -118 -133 0
172 -118 -134 0
172 -118 -142 0
172 -118 -144 0
172 -118 -146 0
172 -118 -147 0
172 -118 -148 0
172 -118 -149 0
172 -118 -151 0
172 -118 -152 0
172 -118 -157 0
172 -118 -159 0
172 -118 -160 0
172 -118 -161 0
172 -118 -163 0
172 -118 -164 0
172 -118 -165 0
172 -118 -167 0
172 -118 -169 0
172 -118 -170 0
172 -118 -171 0
172 -119 -120 0
172 -119 -121 0
172 -119 -122 0
172 -119 -123 0
172 -119 -124 0
172 -119 -126 0
172 -119 -127 0
172 -119 -131 0
172 -119 -132 0
172 -119 -134 0
172 -119 -149 0
172 -119 -150 0
172 -119 -152 0
172 -119 -153 0
172 -119 -154 0
172 -119 -156 0
172 -119 -161 0
172 -119 -162 0
172 -119 -164 0
172 -120 -121 0
172 -120 -122 0
172 -120 -123 0
172 -120 -124 0
172 -120 -125 0
172 -120 -128 0
172 -120 -131 0
172 -120 -132 0
172 -120 -133 0
172 -120 -135 0
172 -120 -136 0
172 -120 -141 0
172 -120 -149 0
172 -120 -150 0
172 -120 -151 0
172 -120 -153 0
172 -120 -154 0
172 -120 -155 0
172 -120 -161 0
172 -120 -162 0
172 -120 -163 0
172 -120 -165 0
172 -120 -166 0
172 -120 -171 0
172 -121 -122 0
172 -121 -124 0
172 -121 -125 0
172 -121 -126 0
172 -121 -129 0
172 -121 -132 0
172 -121 -133 0
172 -121 -134 0
172 -121 -135 0
172 -121 -136 0
172 -121 -141 0
172 -121 -150 0
172 -121 -151 0
172 -121 -152 0
172 -121 -154 0
172 -121 -155 0
172 -121 -156 0
172 -121 -162 0
172 -121 -163 0
172 -121 -164 0
172 -121 -165 0
172 -121 -166 0
172 -121 -171 0
172 -122 -123 0
172 -122 -125 0
172 -122 -126 0
172 -122 -130 0
172 -122 -131 0
172 -122 -133 0
172 -122 -134 0
172 -122 -135 0
172 -122 -136 0
172 -122 -141 0
172 -122 -149 0
172 -122 -151 0
172 -122 -152 0
172 -122 -153 0
172 -122 -155 0
172 -122 -156 0
172 -122 -161 0
172 -122 -163 0
172 -122 -164 0
172 -122 -165 0
172 -122 -166 0
172 -122 -171 0
172 -123 -124 0
172 -123 -125 0
172 -123 -126 0
172 -123 -127 0
172 -123 -128 0
172 -123 -130 0
172 -123 -131 0
172 -123 -137 0
172 -123 -138 0
172 -123 -140 0
172 -123 -149 0
172 -123 -150 0
172 -123 -152 0
172 -123 -153 0
172 -123 -154 0
172 -123 -156 0
172 -123 -157 0
172 -123 -158 0
172 -123 -160 0
172 -123 -167 0
172 -123 -168 0
172 -123 -170 0
172 -124 -125 0
172 -124 -126 0
172 -124 -127 0
172 -124 -128 0
172 -124 -129 0
172 -124 -132 0
172 -124 -135 0
172 -124 -136 0
172 -124 -137 0
172 -124 -138 0
172 -124 -139 0
172 -124 -149 0
172 -124 -150 0
172 -124 -151 0
172 -124 -153 0
172 -124 -154 0
172 -124 -155 0
172 -124 -157 0
172 -124 -158 0
172 -124 -159 0
172 -124 -165 0
172 -124 -166 0
172 -124 -167 0
172 -124 -168 0
172 -124 -169 0
172 -125 -126 0
172 -125 -128 0
172 -125 -129 0
172 -125 -130 0
172 -125 -133 0
172 -125 -135 0
172 -125 -136 0
172 -125 -138 0
172 -125 -139 0
172 -125 -140 0
172 -125 -150 0
172 -125 -151 0
172 -125 -152 0
172 -125 -154 0
172 -125 -155 0
172 -125 -156 0
172 -125 -158 0
172 -125 -159 0
172 -125 -160 0
172 -125 -165 0
172 -125 -166 0
172 -125 -168 0
172 -125 -169 0
172 -125 -170 0
172 -126 -127 0
172 -126 -129 0
172 -126 -130 0
172 -126 -134 0
172 -126 -135 0
172 -126 -136 0
172 -126 -137 0
172 -126 -139 0
172 -126 -140 0
172 -126 -149 0
172 -126 -151 0
172 -126 -152 0
172 -126 -153 0
172 -126 -155 0
172 -126 -156 0
172 -126 -157 0
172 -126 -159 0
172 -126 -160 0
172 -126 -165 0
172 -126 -166 0
172 -126 -167 0
172 -126 -169 0
172 -126 -170 0
172 -127 -128 0
172 -127 -129 0
172 -127 -130 0
172 -127 -131 0
172 -127 -132 0
172 -127 -134 0
172 -127 -137 0
172 -127 -138 0
172 -127 -140 0
172 -127 -153 0
172 -127 -154 0
172 -127 -156 0
172 -127 -157 0
172 -127 -158 0
172 -127 -160 0
172 -127 -161 0
172 -127 -162 0
172 -127 -164 0
172 -127 -167 0
172 -127 -168 0
172 -127 -170 0
172 -128 -129 0
172 -128 -130 0
172 -128 -131 0
172 -128 -132 0
172 -128 -133 0
172 -128 -136 0
172 -128 -137 0
172 -128 -138 0
172 -128 -139 0
172 -128 -141 0
172 -128 -153 0
172 -128 -154 0
172 -128 -155 0
172 -128 -157 0
172 -128 -158 0
172 -128 -159 0
172 -128 -161 0
172 -128 -162 0
172 -128 -163 0
172 -128 -166 0
172 -128 -167 0
172 -128 -168 0
172 -128 -169 0
172 -128 -171 0
172 -129 -130 0
172 -129 -132 0
172 -129 -133 0
172 -129 -134 0
172 -129 -136 0
172 -129 -138 0
172 -129 -139 0
172 -129 -140 0
172 -129 -141 0
172 -129 -154 0
172 -129 -155 0
172 -129 -156 0
172 -129 -158 0
172 -129 -159 0
172 -129 -160 0
172 -129 -162 0
172 -129 -163 0
172 -129 -164 0
172 -129 -166 0
172 -129 -168 0
172 -129 -169 0
172 -129 -170 0
172 -129 -171 0
172 -130 -131 0
172 -130 -133 0
172 -130 -134 0
172 -130 -136 0
172 -130 -137 0
172 -130 -139 0
172 -130 -140 0
172 -130 -141 0
172 -130 -153 0
172 -130 -155 0
172 -130 -156 0
172 -130 -157 0
172 -130 -159 0
172 -130 -160 0
172 -130 -161 0
172 -130 -163 0
172 -130 -164 0
172 -130 -166 0
172 -130 -167 0
172 -130 -169 0
172 -130 -170 0
172 -130 -171 0
172 -131 -132 0
172 -131 -133 0
172 -131 -134 0
172 -131 -137 0
172 -131 -138 0
172 -131 -140 0
172 -131 -149 0
172 -131 -150 0
172 -131 -152 0
172 -131 -157 0
172 -131 -158 0
172 -131 -160 0
172 -131 -161 0
172 -131 -162 0
172 -131 -164 0
172 -131 -167 0
172 -131 -168 0
172 -131 -170 0
172 -132 -133 0
172 -132 -134 0
172 -132 -135 0
172 -132 -137 0
172 -132 -138 0
172 -132 -139 0
172 -132 -141 0
172 -132 -149 0
172 -132 -150 0
172 -132 -151 0
172 -132 -157 0
172 -132 -158 0
172 -132 -159 0
172 -132 -161 0
172 -132 -162 0
172 -132 -163 0
172 -132 -165 0
172 -132 -167 0
172 -132 -168 0
172 -132 -169 0
172 -132 -171 0
172 -133 -134 0
172 -133 -135 0
172 -133 -138 0
172 -133 -139 0
172 -133 -140 0
172 -133 -141 0
172 -133 -150 0
172 -133 -151 0
172 -133 -152 0
172 -133 -158 0
172 -133 -159 0
172 -133 -160 0
172 -133 -162 0
172 -133 -163 0
172 -133 -164 0
172 -133 -165 0
172 -133 -168 0
172 -133 -169 0
172 -133 -170 0
172 -133 -171 0
172 -134 -135 0
172 -134 -137 0
172 -134 -139 0
172 -134 -140 0
172 -134 -141 0
172 -134 -149 0
172 -134 -151 0
172 -134 -152 0
172 -134 -157 0
172 -134 -159 0
172 -134 -160 0
172 -134 -161 0
172 -134 -163 0
172 -134 -164 0
172 -134 -165 0
172 -134 -167 0
172 -134 -169 0
172 -134 -170 0
172 -134 -171 0
172 -135 -136 0
172 -135 -139 0
172 -135 -141 0
172 -135 -142 0
172 -135 -143 0
172 -135 -148 0
172 -135 -151 0
172 -135 -165 0
172 -135 -166 0
172 -135 -171 0
172 -136 -138 0
172 -136 -139 0
172 -136 -140 0
172 -136 -141 0
172 -136 -142 0
172 -136 -143 0
172 -136 -145 0
172 -136 -146 0
172 -136 -147 0
172 -136 -155 0
172 -136 -165 0
172 -136 -166 0
172 -136 -168 0
172 -136 -169 0
172 -136 -170 0
172 -137 -138 0
172 -137 -139 0
172 -137 -140 0
172 -137 -144 0
172 -137 -145 0
172 -137 -147 0
172 -137 -157 0
172 -137 -167 0
172 -137 -168 0
172 -137 -170 0
172 -138 -139 0
172 -138 -140 0
172 -138 -141 0
172 -138 -143 0
172 -138 -144 0
172 -138 -145 0
172 -138 -146 0
172 -138 -148 0
172 -138 -158 0
172 -138 -166 0
172 -138 -167 0
172 -138 -168 0
172 -138 -169 0
172 -138 -171 0
172 -139 -140 0
172 -139 -141 0
172 -139 -143 0
172 -139 -145 0
172 -139 -146 0
172 -139 -147 0
172 -139 -148 0
172 -139 -159 0
172 -139 -166 0
172 -139 -168 0
172 -139 -169 0
172 -139 -170 0
172 -139 -171 0
172 -140 -141 0
172 -140 -143 0
172 -140 -144 0
172 -140 -146 0
172 -140 -147 0
172 -140 -148 0
172 -140 -160 0
172 -140 -166 0
172 -140 -167 0
172 -140 -169 0
172 -140 -170 0
172 -140 -171 0
172 -141 -142 0
172 -141 -145 0
172 -141 -146 0
172 -141 -147 0
172 -141 -148 0
172 -141 -163 0
172 -141 -165 0
172 -141 -168 0
172 -141 -169 0
172 -141 -170 0
172 -141 -171 0
172 -142 -143 0
172 -142 -146 0
172 -142 -148 0
172 -142 -150 0
172 -142 -151 0
172 -142 -152 0
172 -142 -154 0
172 -142 -155 0
172 -142 -156 0
172 -142 -162 0
172 -142 -163 0
172 -142 -164 0
172 -142 -165 0
172 -143 -145 0
172 -143 -146 0
172 -143 -147 0
172 -143 -148 0
172 -143 -150 0
172 -143 -151 0
172 -143 -152 0
172 -143 -154 0
172 -143 -155 0
172 -143 -156 0
172 -143 -158 0
172 -143 -159 0
172 -143 -160 0
172 -143 -166 0
172 -144 -145 0
172 -144 -146 0
172 -144 -147 0
172 -144 -153 0
172 -144 -154 0
172 -144 -156 0
172 -144 -157 0
172 -144 -158 0
172 -144 -160 0
172 -144 -161 0
172 -144 -162 0
172 -144 -164 0
172 -144 -167 0
172 -145 -146 0
172 -145 -147 0
172 -145 -148 0
172 -145 -153 0
172 -145 -154 0
172 -145 -155 0
172 -145 -157 0
172 -145 -158 0
172 -145 -159 0
172 -145 -161 0
172 -145 -162 0
172 -145 -163 0
172 -145 -168 0
172 -146 -147 0
172 -146 -148 0
172 -146 -154 0
172 -146 -155 0
172 -146 -156 0
172 -146 -158 0
172 -146 -159 0
172 -146 -160 0
172 -146 -162 0
172 -146 -163 0
172 -146 -164 0
172 -146 -169 0
172 -147 -148 0
172 -147 -153 0
172 -147 -155 0
172 -147 -156 0
172 -147 -157 0
172 -147 -159 0
172 -147 -160 0
172 -147 -161 0
172 -147 -163 0
172 -147 -164 0
172 -147 -170 0
172 -148 -150 0
172 -148 -151 0
172 -148 -152 0
172 -148 -158 0
172 -148 -159 0
172 -148 -160 0
172 -148 -162 0
172 -148 -163 0
172 -148 -164 0
172 -148 -171 0
172 -149 -150 0
172 -149 -151 0
172 -149 -152 0
172 -149 -153 0
172 -149 -154 0
172 -149 -156 0
172 -149 -157 0
172 -149 -161 0
172 -149 -162 0
172 -149 -164 0
172 -150 -151 0
172 -150 -152 0
172 -150 -153 0
172 -150 -154 0
172 -150 -155 0
172 -150 -158 0
172 -150 -161 0
172 -150 -162 0
172 -150 -163 0
172 -150 -165 0
172 -150 -166 0
172 -150 -171 0
172 -151 -152 0
172 -151 -154 0
172 -151 -155 0
172 -151 -156 0
172 -151 -159 0
172 -151 -162 0
172 -151 -163 0
172 -151 -164 0
172 -151 -165 0
172 -151 -166 0
172 -151 -171 0
172 -152 -153 0
172 -152 -155 0
172 -152 -156 0
172 -152 -160 0
172 -152 -161 0
172 -152 -163 0
172 -152 -164 0
172 -152 -165 0
172 -152 -166 0
172 -152 -171 0
172 -153 -154 0
172 -153 -155 0
172 -153 -156 0
172 -153 -157 0
172 -153 -158 0
172 -153 -160 0
172 -153 -161 0
172 -153 -167 0
172 -153 -168 0
172 -153 -170 0
172 -154 -155 0
172 -154 -156 0
172 -154 -157 0
172 -154 -158 0
172 -154 -159 0
172 -154 -162 0
172 -154 -165 0
172 -154 -166 0
172 -154 -167 0
172 -154 -168 0
172 -154 -169 0
172 -155 -156 0
172 -155 -158 0
172 -155 -159 0
172 -155 -160 0
172 -155 -163 0
172 -155 -165 0
172 -155 -166 0
172 -155 -168 0
172 -155 -169 0
172 -155 -170 0
172 -156 -157 0
172 -156 -159 0
172 -156 -160 0
172 -156 -164 0
172 -156 -165 0
172 -156 -166 0
172 -156 -167 0
172 -156 -169 0
172 -156 -170 0
172 -157 -158 0
172 -157 -159 0
172 -157 -160 0
172 -157 -161 0
172 -157 -162 0
172 -157 -164 0
172 -157 -167 0
172 -157 -168 0
172 -157 -170 0
172 -158 -159 0
172 -158 -160 0
172 -158 -161 0
172 -158 -162 0
172 -158 -163 0
172 -158 -166 0
172 -158 -167 0
172 -158 -168 0
172 -158 -169 0
172 -158 -171 0
172 -159 -160 0
172 -159 -162 0
172 -159 -163 0
172 -159 -164 0
172 -159 -166 0
172 -159 -168 0
172 -159 -169 0
172 -159 -170 0
172 -159 -171 0
172 -160 -161 0
172 -160 -163 0
172 -160 -164 0
172 -160 -166 0
172 -160 -167 0
172 -160 -169 0
172 -160 -170 0
172 -160 -171 0
172 -161 -162 0
172 -161 -163 0
172 -161 -164 0
172 -161 -167 0
172 -161 -168 0
172 -161 -170 0
172 -162 -163 0
172 -162 -164 0
172 -162 -165 0
172 -162 -167 0
172 -162 -168 0
172 -162 -169 0
172 -162 -171 0
172 -163 -164 0
172 -163 -165 0
172 -163 -168 0
172 -163 -169 0
172 -163 -170 0
172 -163 -171 0
172 -164 -165 0
172 -164 -167 0
172 -164 -169 0
172 -164 -170 0
172 -164 -171 0
172 -165 -166 0
172 -165 -169 0
172 -165 -171 0
172 -166 -168 0
172 -166 -169 0
172 -166 -170 0
172 -166 -171 0
172 -167 -168 0
172 -167 -169 0
172 -167 -170 0
172 -168 -169 0
172 -168 -170 0
172 -168 -171 0
172 -169 -170 0
172 -169 -171 0
172 -170 -171 0
1 1 0
1 2 0
1 3 0
1 4 0
1 5 0
1 6 0
1 7 0
1 8 0
1 9 0
1 10 0
1 11 0
1 12 0
1 13 0
1 14 0
1 15 0
1 16 0
1 17 0
1 18 0
1 19 0
1 20 0
1 21 0
1 22 0
1 23 0
1 24 0
1 25 0
1 26 0
1 27 0
1 28 0
1 29 0
1 30 0
1 31 0
1 32 0
1 33 0
1 34 0
1 35 0
1 36 0
1 37 0
1 38 0
1 39 0
1 40 0
1 41 0
1 42 0
1 43 0
1 44 0
1 45 0
1 46 0
1 47 0
1 48 0
1 49 0
1 50 0
1 51 0
1 52 0
1 53 0
1 54 0
1 55 0
1 56 0
1 57 0
1 58 0
1 59 0
1 60 0
1 61 0
1 62 0
1 63 0
1 64 0
1 65 0
1 66 0
1 67 0
1 68 0
1 69 0
1 70 0
1 71 0
1 72 0
1 73 0
1 74 0
1 75 0
1 76 0
1 77 0
1 78 0
1 79 0
1 80 0
1 81 0
1 82 0
1 83 0
1 84 0
1 85 0
1 86 0
1 87 0
1 88 0
1 89 0
1 90 0
1 91 0
1 92 0
1 93 0
1 94 0
1 95 0
1 96 0
1 97 0
1 98 0
1 99 0
1 100 0
1 101 0
1 102 0
1 103 0
1 104 0
1 105 0
1 106 0
1 107 0
1 108 0
1 109 0
1 110 0
1 111 0
1 112 0
1 113 0
1 114 0
1 115 0
1 116 0
1 117 0
1 118 0
1 119 0
1 120 0
1 121 0
1 122 0
1 123 0
1 124 0
1 125 0
1 126 0
1 127 0
1 128 0
1 129 0
1 130 0
1 131 0
1 132 0
1 133 0
1 134 0
1 135 0
1 136 0
1 137 0
1 138 0
1 139 0
1 140 0
1 141 0
1 142 0
1 143 0
1 144 0
1 145 0
1 146 0
1 147 0
1 148 0
1 149 0
1 150 0
1 151 0
1 152 0
1 153 0
1 154 0
1 155 0
1 156 0
1 157 0
1 158 0
1 159 0
1 160 0
1 161 0
1 162 0
1 163 0
1 164 0
1 165 0
1 166 0
1 167 0
1 168 0
1 169 0
1 170 0
1 171 0
