c CNF
p wcnf 1035 3015 1036
1036 -1 -52 0
1036 -1 -55 0
1036 -1 -64 0
1036 -1 -73 0
1036 -1 -106 0
1036 -1 -121 0
1036 -1 -136 0
1036 -1 -367 0
1036 -1 -370 0
1036 -1 -379 0
1036 -1 -388 0
1036 -1 -421 0
1036 -1 -436 0
1036 -1 -451 0
1036 -1 -472 0
1036 -1 -475 0
1036 -1 -484 0
1036 -1 -493 0
1036 -1 -526 0
1036 -1 -541 0
1036 -1 -556 0
1036 -1 -991 0
1036 -2 -56 0
1036 -2 -58 0
1036 -2 -61 0
1036 -2 -67 0
1036 -2 -109 0
1036 -2 -124 0
1036 -2 -139 0
1036 -2 -373 0
1036 -2 -376 0
1036 -2 -382 0
1036 -2 -424 0
1036 -2 -439 0
1036 -2 -454 0
1036 -2 -478 0
1036 -2 -481 0
1036 -2 -487 0
1036 -2 -529 0
1036 -2 -544 0
1036 -2 -559 0
1036 -2 -580 0
1036 -2 -685 0
1036 -2 -994 0
1036 -3 -46 0
1036 -3 -59 0
1036 -3 -65 0
1036 -3 -70 0
1036 -3 -112 0
1036 -3 -127 0
1036 -3 -142 0
1036 -3 -361 0
1036 -3 -385 0
1036 -3 -427 0
1036 -3 -442 0
1036 -3 -457 0
1036 -3 -466 0
1036 -3 -490 0
1036 -3 -532 0
1036 -3 -547 0
1036 -3 -562 0
1036 -3 -583 0
1036 -3 -589 0
1036 -3 -688 0
1036 -3 -694 0
1036 -3 -997 0
1036 -4 -47 0
1036 -4 -49 0
1036 -4 -68 0
1036 -4 -74 0
1036 -4 -115 0
1036 -4 -130 0
1036 -4 -145 0
1036 -4 -364 0
1036 -4 -430 0
1036 -4 -445 0
1036 -4 -460 0
1036 -4 -469 0
1036 -4 -535 0
1036 -4 -550 0
1036 -4 -565 0
1036 -4 -571 0
1036 -4 -592 0
1036 -4 -598 0
1036 -4 -676 0
1036 -4 -697 0
1036 -4 -703 0
1036 -4 -1000 0
1036 -5 -50 0
1036 -5 -53 0
1036 -5 -62 0
1036 -5 -71 0
1036 -5 -118 0
1036 -5 -133 0
1036 -5 -148 0
1036 -5 -433 0
1036 -5 -448 0
1036 -5 -463 0
1036 -5 -538 0
1036 -5 -553 0
1036 -5 -568 0
1036 -5 -574 0
1036 -5 -577 0
1036 -5 -586 0
1036 -5 -595 0
1036 -5 -679 0
1036 -5 -682 0
1036 -5 -691 0
1036 -5 -700 0
1036 -5 -1003 0
1036 -6 -48 0
1036 -6 -63 0
1036 -6 -82 0
1036 -6 -85 0
1036 -6 -94 0
1036 -6 -103 0
1036 -6 -137 0
1036 -6 -397 0
1036 -6 -400 0
1036 -6 -409 0
1036 -6 -418 0
1036 -6 -502 0
1036 -6 -505 0
1036 -6 -514 0
1036 -6 -523 0
1036 -6 -661 0
1036 -6 -766 0
1036 -6 -781 0
1036 -6 -796 0
1036 -6 -886 0
1036 -6 -901 0
1036 -6 -1006 0
1036 -7 -51 0
1036 -7 -66 0
1036 -7 -86 0
1036 -7 -88 0
1036 -7 -91 0
1036 -7 -97 0
1036 -7 -140 0
1036 -7 -403 0
1036 -7 -406 0
1036 -7 -412 0
1036 -7 -508 0
1036 -7 -511 0
1036 -7 -517 0
1036 -7 -610 0
1036 -7 -664 0
1036 -7 -715 0
1036 -7 -769 0
1036 -7 -784 0
1036 -7 -799 0
1036 -7 -889 0
1036 -7 -904 0
1036 -7 -1009 0
1036 -8 -54 0
1036 -8 -69 0
1036 -8 -76 0
1036 -8 -89 0
1036 -8 -95 0
1036 -8 -100 0
1036 -8 -143 0
1036 -8 -391 0
1036 -8 -415 0
1036 -8 -496 0
1036 -8 -520 0
1036 -8 -613 0
1036 -8 -619 0
1036 -8 -667 0
1036 -8 -718 0
1036 -8 -724 0
1036 -8 -772 0
1036 -8 -787 0
1036 -8 -802 0
1036 -8 -892 0
1036 -8 -907 0
1036 -8 -1012 0
1036 -9 -57 0
1036 -9 -72 0
1036 -9 -77 0
1036 -9 -79 0
1036 -9 -98 0
1036 -9 -104 0
1036 -9 -146 0
1036 -9 -394 0
1036 -9 -499 0
1036 -9 -601 0
1036 -9 -622 0
1036 -9 -628 0
1036 -9 -670 0
1036 -9 -706 0
1036 -9 -727 0
1036 -9 -733 0
1036 -9 -775 0
1036 -9 -790 0
1036 -9 -805 0
1036 -9 -895 0
1036 -9 -910 0
1036 -9 -1015 0
1036 -10 -60 0
1036 -10 -75 0
1036 -10 -80 0
1036 -10 -83 0
1036 -10 -92 0
1036 -10 -101 0
1036 -10 -149 0
1036 -10 -604 0
1036 -10 -607 0
1036 -10 -616 0
1036 -10 -625 0
1036 -10 -673 0
1036 -10 -709 0
1036 -10 -712 0
1036 -10 -721 0
1036 -10 -730 0
1036 -10 -778 0
1036 -10 -793 0
1036 -10 -808 0
1036 -10 -898 0
1036 -10 -913 0
1036 -10 -1018 0
1036 -11 -78 0
1036 -11 -93 0
1036 -11 -113 0
1036 -11 -116 0
1036 -11 -125 0
1036 -11 -134 0
1036 -11 -138 0
1036 -11 -637 0
1036 -11 -640 0
1036 -11 -649 0
1036 -11 -658 0
1036 -11 -742 0
1036 -11 -745 0
1036 -11 -754 0
1036 -11 -763 0
1036 -11 -811 0
1036 -11 -826 0
1036 -11 -871 0
1036 -11 -916 0
1036 -11 -931 0
1036 -11 -976 0
1036 -11 -1021 0
1036 -12 -81 0
1036 -12 -96 0
1036 -12 -117 0
1036 -12 -119 0
1036 -12 -122 0
1036 -12 -128 0
1036 -12 -141 0
1036 -12 -643 0
1036 -12 -646 0
1036 -12 -652 0
1036 -12 -748 0
1036 -12 -751 0
1036 -12 -757 0
1036 -12 -814 0
1036 -12 -829 0
1036 -12 -850 0
1036 -12 -874 0
1036 -12 -919 0
1036 -12 -934 0
1036 -12 -955 0
1036 -12 -979 0
1036 -12 -1024 0
1036 -13 -84 0
1036 -13 -99 0
1036 -13 -107 0
1036 -13 -120 0
1036 -13 -126 0
1036 -13 -131 0
1036 -13 -144 0
1036 -13 -631 0
1036 -13 -655 0
1036 -13 -736 0
1036 -13 -760 0
1036 -13 -817 0
1036 -13 -832 0
1036 -13 -853 0
1036 -13 -859 0
1036 -13 -877 0
1036 -13 -922 0
1036 -13 -937 0
1036 -13 -958 0
1036 -13 -964 0
1036 -13 -982 0
1036 -13 -1027 0
1036 -14 -87 0
1036 -14 -102 0
1036 -14 -108 0
1036 -14 -110 0
1036 -14 -129 0
1036 -14 -135 0
1036 -14 -147 0
1036 -14 -634 0
1036 -14 -739 0
1036 -14 -820 0
1036 -14 -835 0
1036 -14 -841 0
1036 -14 -862 0
1036 -14 -868 0
1036 -14 -880 0
1036 -14 -925 0
1036 -14 -940 0
1036 -14 -946 0
1036 -14 -967 0
1036 -14 -973 0
1036 -14 -985 0
1036 -14 -1030 0
1036 -15 -90 0
1036 -15 -105 0
1036 -15 -111 0
1036 -15 -114 0
1036 -15 -123 0
1036 -15 -132 0
1036 -15 -150 0
1036 -15 -823 0
1036 -15 -838 0
1036 -15 -844 0
1036 -15 -847 0
1036 -15 -856 0
1036 -15 -865 0
1036 -15 -883 0
1036 -15 -928 0
1036 -15 -943 0
1036 -15 -949 0
1036 -15 -952 0
1036 -15 -961 0
1036 -15 -970 0
1036 -15 -988 0
1036 -15 -1033 0
1036 -16 -157 0
1036 -16 -160 0
1036 -16 -169 0
1036 -16 -178 0
1036 -16 -211 0
1036 -16 -226 0
1036 -16 -241 0
1036 -16 -578 0
1036 -16 -581 0
1036 -16 -590 0
1036 -16 -599 0
1036 -16 -632 0
1036 -16 -647 0
1036 -16 -662 0
1036 -16 -788 0
1036 -16 -791 0
1036 -16 -800 0
1036 -16 -809 0
1036 -16 -842 0
1036 -16 -857 0
1036 -16 -872 0
1036 -16 -992 0
1036 -17 -161 0
1036 -17 -163 0
1036 -17 -166 0
1036 -17 -172 0
1036 -17 -214 0
1036 -17 -229 0
1036 -17 -244 0
1036 -17 -371 0
1036 -17 -584 0
1036 -17 -587 0
1036 -17 -593 0
1036 -17 -635 0
1036 -17 -650 0
1036 -17 -665 0
1036 -17 -794 0
1036 -17 -797 0
1036 -17 -803 0
1036 -17 -845 0
1036 -17 -860 0
1036 -17 -875 0
1036 -17 -896 0
1036 -17 -995 0
1036 -18 -151 0
1036 -18 -164 0
1036 -18 -170 0
1036 -18 -175 0
1036 -18 -217 0
1036 -18 -232 0
1036 -18 -247 0
1036 -18 -374 0
1036 -18 -380 0
1036 -18 -572 0
1036 -18 -596 0
1036 -18 -638 0
1036 -18 -653 0
1036 -18 -668 0
1036 -18 -782 0
1036 -18 -806 0
1036 -18 -848 0
1036 -18 -863 0
1036 -18 -878 0
1036 -18 -899 0
1036 -18 -905 0
1036 -18 -998 0
1036 -19 -152 0
1036 -19 -154 0
1036 -19 -173 0
1036 -19 -179 0
1036 -19 -220 0
1036 -19 -235 0
1036 -19 -250 0
1036 -19 -362 0
1036 -19 -383 0
1036 -19 -389 0
1036 -19 -575 0
1036 -19 -641 0
1036 -19 -656 0
1036 -19 -671 0
1036 -19 -785 0
1036 -19 -851 0
1036 -19 -866 0
1036 -19 -881 0
1036 -19 -887 0
1036 -19 -908 0
1036 -19 -914 0
1036 -19 -1001 0
1036 -20 -155 0
1036 -20 -158 0
1036 -20 -167 0
1036 -20 -176 0
1036 -20 -223 0
1036 -20 -238 0
1036 -20 -253 0
1036 -20 -365 0
1036 -20 -368 0
1036 -20 -377 0
1036 -20 -386 0
1036 -20 -644 0
1036 -20 -659 0
1036 -20 -674 0
1036 -20 -854 0
1036 -20 -869 0
1036 -20 -884 0
1036 -20 -890 0
1036 -20 -893 0
1036 -20 -902 0
1036 -20 -911 0
1036 -20 -1004 0
1036 -21 -153 0
1036 -21 -168 0
1036 -21 -187 0
1036 -21 -190 0
1036 -21 -199 0
1036 -21 -208 0
1036 -21 -242 0
1036 -21 -452 0
1036 -21 -467 0
1036 -21 -482 0
1036 -21 -608 0
1036 -21 -611 0
1036 -21 -620 0
1036 -21 -629 0
1036 -21 -677 0
1036 -21 -692 0
1036 -21 -818 0
1036 -21 -821 0
1036 -21 -830 0
1036 -21 -839 0
1036 -21 -977 0
1036 -21 -1007 0
1036 -22 -156 0
1036 -22 -171 0
1036 -22 -191 0
1036 -22 -193 0
1036 -22 -196 0
1036 -22 -202 0
1036 -22 -245 0
1036 -22 -401 0
1036 -22 -455 0
1036 -22 -470 0
1036 -22 -485 0
1036 -22 -614 0
1036 -22 -617 0
1036 -22 -623 0
1036 -22 -680 0
1036 -22 -695 0
1036 -22 -824 0
1036 -22 -827 0
1036 -22 -833 0
1036 -22 -926 0
1036 -22 -980 0
1036 -22 -1010 0
1036 -23 -159 0
1036 -23 -174 0
1036 -23 -181 0
1036 -23 -194 0
1036 -23 -200 0
1036 -23 -205 0
1036 -23 -248 0
1036 -23 -404 0
1036 -23 -410 0
1036 -23 -458 0
1036 -23 -473 0
1036 -23 -488 0
1036 -23 -602 0
1036 -23 -626 0
1036 -23 -683 0
1036 -23 -698 0
1036 -23 -812 0
1036 -23 -836 0
1036 -23 -929 0
1036 -23 -935 0
1036 -23 -983 0
1036 -23 -1013 0
1036 -24 -162 0
1036 -24 -177 0
1036 -24 -182 0
1036 -24 -184 0
1036 -24 -203 0
1036 -24 -209 0
1036 -24 -251 0
1036 -24 -392 0
1036 -24 -413 0
1036 -24 -419 0
1036 -24 -461 0
1036 -24 -476 0
1036 -24 -491 0
1036 -24 -605 0
1036 -24 -686 0
1036 -24 -701 0
1036 -24 -815 0
1036 -24 -917 0
1036 -24 -938 0
1036 -24 -944 0
1036 -24 -986 0
1036 -24 -1016 0
1036 -25 -165 0
1036 -25 -180 0
1036 -25 -185 0
1036 -25 -188 0
1036 -25 -197 0
1036 -25 -206 0
1036 -25 -254 0
1036 -25 -395 0
1036 -25 -398 0
1036 -25 -407 0
1036 -25 -416 0
1036 -25 -464 0
1036 -25 -479 0
1036 -25 -494 0
1036 -25 -689 0
1036 -25 -704 0
1036 -25 -920 0
1036 -25 -923 0
1036 -25 -932 0
1036 -25 -941 0
1036 -25 -989 0
1036 -25 -1019 0
1036 -26 -183 0
1036 -26 -198 0
1036 -26 -218 0
1036 -26 -221 0
1036 -26 -230 0
1036 -26 -239 0
1036 -26 -243 0
1036 -26 -428 0
1036 -26 -431 0
1036 -26 -440 0
1036 -26 -449 0
1036 -26 -497 0
1036 -26 -512 0
1036 -26 -557 0
1036 -26 -707 0
1036 -26 -722 0
1036 -26 -767 0
1036 -26 -953 0
1036 -26 -956 0
1036 -26 -965 0
1036 -26 -974 0
1036 -26 -1022 0
1036 -27 -186 0
1036 -27 -201 0
1036 -27 -222 0
1036 -27 -224 0
1036 -27 -227 0
1036 -27 -233 0
1036 -27 -246 0
1036 -27 -434 0
1036 -27 -437 0
1036 -27 -443 0
1036 -27 -500 0
1036 -27 -515 0
1036 -27 -536 0
1036 -27 -560 0
1036 -27 -710 0
1036 -27 -725 0
1036 -27 -746 0
1036 -27 -770 0
1036 -27 -959 0
1036 -27 -962 0
1036 -27 -968 0
1036 -27 -1025 0
1036 -28 -189 0
1036 -28 -204 0
1036 -28 -212 0
1036 -28 -225 0
1036 -28 -231 0
1036 -28 -236 0
1036 -28 -249 0
1036 -28 -422 0
1036 -28 -446 0
1036 -28 -503 0
1036 -28 -518 0
1036 -28 -539 0
1036 -28 -545 0
1036 -28 -563 0
1036 -28 -713 0
1036 -28 -728 0
1036 -28 -749 0
1036 -28 -755 0
1036 -28 -773 0
1036 -28 -947 0
1036 -28 -971 0
1036 -28 -1028 0
1036 -29 -192 0
1036 -29 -207 0
1036 -29 -213 0
1036 -29 -215 0
1036 -29 -234 0
1036 -29 -240 0
1036 -29 -252 0
1036 -29 -425 0
1036 -29 -506 0
1036 -29 -521 0
1036 -29 -527 0
1036 -29 -548 0
1036 -29 -554 0
1036 -29 -566 0
1036 -29 -716 0
1036 -29 -731 0
1036 -29 -737 0
1036 -29 -758 0
1036 -29 -764 0
1036 -29 -776 0
1036 -29 -950 0
1036 -29 -1031 0
1036 -30 -195 0
1036 -30 -210 0
1036 -30 -216 0
1036 -30 -219 0
1036 -30 -228 0
1036 -30 -237 0
1036 -30 -255 0
1036 -30 -509 0
1036 -30 -524 0
1036 -30 -530 0
1036 -30 -533 0
1036 -30 -542 0
1036 -30 -551 0
1036 -30 -569 0
1036 -30 -719 0
1036 -30 -734 0
1036 -30 -740 0
1036 -30 -743 0
1036 -30 -752 0
1036 -30 -761 0
1036 -30 -779 0
1036 -30 -1034 0
1036 -31 -262 0
1036 -31 -265 0
1036 -31 -274 0
1036 -31 -283 0
1036 -31 -316 0
1036 -31 -331 0
1036 -31 -346 0
1036 -31 -684 0
1036 -31 -687 0
1036 -31 -696 0
1036 -31 -705 0
1036 -31 -738 0
1036 -31 -753 0
1036 -31 -768 0
1036 -31 -894 0
1036 -31 -897 0
1036 -31 -906 0
1036 -31 -915 0
1036 -31 -948 0
1036 -31 -963 0
1036 -31 -978 0
1036 -31 -993 0
1036 -32 -266 0
1036 -32 -268 0
1036 -32 -271 0
1036 -32 -277 0
1036 -32 -319 0
1036 -32 -334 0
1036 -32 -349 0
1036 -32 -477 0
1036 -32 -690 0
1036 -32 -693 0
1036 -32 -699 0
1036 -32 -741 0
1036 -32 -756 0
1036 -32 -771 0
1036 -32 -792 0
1036 -32 -900 0
1036 -32 -903 0
1036 -32 -909 0
1036 -32 -951 0
1036 -32 -966 0
1036 -32 -981 0
1036 -32 -996 0
1036 -33 -256 0
1036 -33 -269 0
1036 -33 -275 0
1036 -33 -280 0
1036 -33 -322 0
1036 -33 -337 0
1036 -33 -352 0
1036 -33 -480 0
1036 -33 -486 0
1036 -33 -678 0
1036 -33 -702 0
1036 -33 -744 0
1036 -33 -759 0
1036 -33 -774 0
1036 -33 -795 0
1036 -33 -801 0
1036 -33 -888 0
1036 -33 -912 0
1036 -33 -954 0
1036 -33 -969 0
1036 -33 -984 0
1036 -33 -999 0
1036 -34 -257 0
1036 -34 -259 0
1036 -34 -278 0
1036 -34 -284 0
1036 -34 -325 0
1036 -34 -340 0
1036 -34 -355 0
1036 -34 -468 0
1036 -34 -489 0
1036 -34 -495 0
1036 -34 -681 0
1036 -34 -747 0
1036 -34 -762 0
1036 -34 -777 0
1036 -34 -783 0
1036 -34 -804 0
1036 -34 -810 0
1036 -34 -891 0
1036 -34 -957 0
1036 -34 -972 0
1036 -34 -987 0
1036 -34 -1002 0
1036 -35 -260 0
1036 -35 -263 0
1036 -35 -272 0
1036 -35 -281 0
1036 -35 -328 0
1036 -35 -343 0
1036 -35 -358 0
1036 -35 -471 0
1036 -35 -474 0
1036 -35 -483 0
1036 -35 -492 0
1036 -35 -750 0
1036 -35 -765 0
1036 -35 -780 0
1036 -35 -786 0
1036 -35 -789 0
1036 -35 -798 0
1036 -35 -807 0
1036 -35 -960 0
1036 -35 -975 0
1036 -35 -990 0
1036 -35 -1005 0
1036 -36 -258 0
1036 -36 -273 0
1036 -36 -292 0
1036 -36 -295 0
1036 -36 -304 0
1036 -36 -313 0
1036 -36 -347 0
1036 -36 -363 0
1036 -36 -378 0
1036 -36 -558 0
1036 -36 -573 0
1036 -36 -588 0
1036 -36 -714 0
1036 -36 -717 0
1036 -36 -726 0
1036 -36 -735 0
1036 -36 -873 0
1036 -36 -924 0
1036 -36 -927 0
1036 -36 -936 0
1036 -36 -945 0
1036 -36 -1008 0
1036 -37 -261 0
1036 -37 -276 0
1036 -37 -296 0
1036 -37 -298 0
1036 -37 -301 0
1036 -37 -307 0
1036 -37 -350 0
1036 -37 -366 0
1036 -37 -381 0
1036 -37 -507 0
1036 -37 -561 0
1036 -37 -576 0
1036 -37 -591 0
1036 -37 -720 0
1036 -37 -723 0
1036 -37 -729 0
1036 -37 -822 0
1036 -37 -876 0
1036 -37 -930 0
1036 -37 -933 0
1036 -37 -939 0
1036 -37 -1011 0
1036 -38 -264 0
1036 -38 -279 0
1036 -38 -286 0
1036 -38 -299 0
1036 -38 -305 0
1036 -38 -310 0
1036 -38 -353 0
1036 -38 -369 0
1036 -38 -384 0
1036 -38 -510 0
1036 -38 -516 0
1036 -38 -564 0
1036 -38 -579 0
1036 -38 -594 0
1036 -38 -708 0
1036 -38 -732 0
1036 -38 -825 0
1036 -38 -831 0
1036 -38 -879 0
1036 -38 -918 0
1036 -38 -942 0
1036 -38 -1014 0
1036 -39 -267 0
1036 -39 -282 0
1036 -39 -287 0
1036 -39 -289 0
1036 -39 -308 0
1036 -39 -314 0
1036 -39 -356 0
1036 -39 -372 0
1036 -39 -387 0
1036 -39 -498 0
1036 -39 -519 0
1036 -39 -525 0
1036 -39 -567 0
1036 -39 -582 0
1036 -39 -597 0
1036 -39 -711 0
1036 -39 -813 0
1036 -39 -834 0
1036 -39 -840 0
1036 -39 -882 0
1036 -39 -921 0
1036 -39 -1017 0
1036 -40 -270 0
1036 -40 -285 0
1036 -40 -290 0
1036 -40 -293 0
1036 -40 -302 0
1036 -40 -311 0
1036 -40 -359 0
1036 -40 -375 0
1036 -40 -390 0
1036 -40 -501 0
1036 -40 -504 0
1036 -40 -513 0
1036 -40 -522 0
1036 -40 -570 0
1036 -40 -585 0
1036 -40 -600 0
1036 -40 -816 0
1036 -40 -819 0
1036 -40 -828 0
1036 -40 -837 0
1036 -40 -885 0
1036 -40 -1020 0
1036 -41 -288 0
1036 -41 -303 0
1036 -41 -323 0
1036 -41 -326 0
1036 -41 -335 0
1036 -41 -344 0
1036 -41 -348 0
1036 -41 -393 0
1036 -41 -408 0
1036 -41 -453 0
1036 -41 -534 0
1036 -41 -537 0
1036 -41 -546 0
1036 -41 -555 0
1036 -41 -603 0
1036 -41 -618 0
1036 -41 -663 0
1036 -41 -849 0
1036 -41 -852 0
1036 -41 -861 0
1036 -41 -870 0
1036 -41 -1023 0
1036 -42 -291 0
1036 -42 -306 0
1036 -42 -327 0
1036 -42 -329 0
1036 -42 -332 0
1036 -42 -338 0
1036 -42 -351 0
1036 -42 -396 0
1036 -42 -411 0
1036 -42 -432 0
1036 -42 -456 0
1036 -42 -540 0
1036 -42 -543 0
1036 -42 -549 0
1036 -42 -606 0
1036 -42 -621 0
1036 -42 -642 0
1036 -42 -666 0
1036 -42 -855 0
1036 -42 -858 0
1036 -42 -864 0
1036 -42 -1026 0
1036 -43 -294 0
1036 -43 -309 0
1036 -43 -317 0
1036 -43 -330 0
1036 -43 -336 0
1036 -43 -341 0
1036 -43 -354 0
1036 -43 -399 0
1036 -43 -414 0
1036 -43 -435 0
1036 -43 -441 0
1036 -43 -459 0
1036 -43 -528 0
1036 -43 -552 0
1036 -43 -609 0
1036 -43 -624 0
1036 -43 -645 0
1036 -43 -651 0
1036 -43 -669 0
1036 -43 -843 0
1036 -43 -867 0
1036 -43 -1029 0
1036 -44 -297 0
1036 -44 -312 0
1036 -44 -318 0
1036 -44 -320 0
1036 -44 -339 0
1036 -44 -345 0
1036 -44 -357 0
1036 -44 -402 0
1036 -44 -417 0
1036 -44 -423 0
1036 -44 -444 0
1036 -44 -450 0
1036 -44 -462 0
1036 -44 -531 0
1036 -44 -612 0
1036 -44 -627 0
1036 -44 -633 0
1036 -44 -654 0
1036 -44 -660 0
1036 -44 -672 0
1036 -44 -846 0
1036 -44 -1032 0
1036 -45 -300 0
1036 -45 -315 0
1036 -45 -321 0
1036 -45 -324 0
1036 -45 -333 0
1036 -45 -342 0
1036 -45 -360 0
1036 -45 -405 0
1036 -45 -420 0
1036 -45 -426 0
1036 -45 -429 0
1036 -45 -438 0
1036 -45 -447 0
1036 -45 -465 0
1036 -45 -615 0
1036 -45 -630 0
1036 -45 -636 0
1036 -45 -639 0
1036 -45 -648 0
1036 -45 -657 0
1036 -45 -675 0
1036 -45 -1035 0
1036 -46 -47 0
1036 -46 -48 0
1036 -47 -48 0
1036 -49 -50 0
1036 -49 -51 0
1036 -50 -51 0
1036 -52 -53 0
1036 -52 -54 0
1036 -53 -54 0
1036 -55 -56 0
1036 -55 -57 0
1036 -56 -57 0
1036 -58 -59 0
1036 -58 -60 0
1036 -59 -60 0
1036 -61 -62 0
1036 -61 -63 0
1036 -62 -63 0
1036 -64 -65 0
1036 -64 -66 0
1036 -65 -66 0
1036 -67 -68 0
1036 -67 -69 0
1036 -68 -69 0
1036 -70 -71 0
1036 -70 -72 0
1036 -71 -72 0
1036 -73 -74 0
1036 -73 -75 0
1036 -74 -75 0
1036 -76 -77 0
1036 -76 -78 0
1036 -77 -78 0
1036 -79 -80 0
1036 -79 -81 0
1036 -80 -81 0
1036 -82 -83 0
1036 -82 -84 0
1036 -83 -84 0
1036 -85 -86 0
1036 -85 -87 0
1036 -86 -87 0
1036 -88 -89 0
1036 -88 -90 0
1036 -89 -90 0
1036 -91 -92 0
1036 -91 -93 0
1036 -92 -93 0
1036 -94 -95 0
1036 -94 -96 0
1036 -95 -96 0
1036 -97 -98 0
1036 -97 -99 0
1036 -98 -99 0
1036 -100 -101 0
1036 -100 -102 0
1036 -101 -102 0
1036 -103 -104 0
1036 -103 -105 0
1036 -104 -105 0
1036 -106 -107 0
1036 -106 -108 0
1036 -107 -108 0
1036 -109 -110 0
1036 -109 -111 0
1036 -110 -111 0
1036 -112 -113 0
1036 -112 -114 0
1036 -113 -114 0
1036 -115 -116 0
1036 -115 -117 0
1036 -116 -117 0
1036 -118 -119 0
1036 -118 -120 0
1036 -119 -120 0
1036 -121 -122 0
1036 -121 -123 0
1036 -122 -123 0
1036 -124 -125 0
1036 -124 -126 0
1036 -125 -126 0
1036 -127 -128 0
1036 -127 -129 0
1036 -128 -129 0
1036 -130 -131 0
1036 -130 -132 0
1036 -131 -132 0
1036 -133 -134 0
1036 -133 -135 0
1036 -134 -135 0
1036 -136 -137 0
1036 -136 -138 0
1036 -137 -138 0
1036 -139 -140 0
1036 -139 -141 0
1036 -140 -141 0
1036 -142 -143 0
1036 -142 -144 0
1036 -143 -144 0
1036 -145 -146 0
1036 -145 -147 0
1036 -146 -147 0
1036 -148 -149 0
1036 -148 -150 0
1036 -149 -150 0
1036 -151 -152 0
1036 -151 -153 0
1036 -152 -153 0
1036 -154 -155 0
1036 -154 -156 0
1036 -155 -156 0
1036 -157 -158 0
1036 -157 -159 0
1036 -158 -159 0
1036 -160 -161 0
1036 -160 -162 0
1036 -161 -162 0
1036 -163 -164 0
1036 -163 -165 0
1036 -164 -165 0
1036 -166 -167 0
1036 -166 -168 0
1036 -167 -168 0
1036 -169 -170 0
1036 -169 -171 0
1036 -170 -171 0
1036 -172 -173 0
1036 -172 -174 0
1036 -173 -174 0
1036 -175 -176 0
1036 -175 -177 0
1036 -176 -177 0
1036 -178 -179 0
1036 -178 -180 0
1036 -179 -180 0
1036 -181 -182 0
1036 -181 -183 0
1036 -182 -183 0
1036 -184 -185 0
1036 -184 -186 0
1036 -185 -186 0
1036 -187 -188 0
1036 -187 -189 0
1036 -188 -189 0
1036 -190 -191 0
1036 -190 -192 0
1036 -191 -192 0
1036 -193 -194 0
1036 -193 -195 0
1036 -194 -195 0
1036 -196 -197 0
1036 -196 -198 0
1036 -197 -198 0
1036 -199 -200 0
1036 -199 -201 0
1036 -200 -201 0
1036 -202 -203 0
1036 -202 -204 0
1036 -203 -204 0
1036 -205 -206 0
1036 -205 -207 0
1036 -206 -207 0
1036 -208 -209 0
1036 -208 -210 0
1036 -209 -210 0
1036 -211 -212 0
1036 -211 -213 0
1036 -212 -213 0
1036 -214 -215 0
1036 -214 -216 0
1036 -215 -216 0
1036 -217 -218 0
1036 -217 -219 0
1036 -218 -219 0
1036 -220 -221 0
1036 -220 -222 0
1036 -221 -222 0
1036 -223 -224 0
1036 -223 -225 0
1036 -224 -225 0
1036 -226 -227 0
1036 -226 -228 0
1036 -227 -228 0
1036 -229 -230 0
1036 -229 -231 0
1036 -230 -231 0
1036 -232 -233 0
1036 -232 -234 0
1036 -233 -234 0
1036 -235 -236 0
1036 -235 -237 0
1036 -236 -237 0
1036 -238 -239 0
1036 -238 -240 0
1036 -239 -240 0
1036 -241 -242 0
1036 -241 -243 0
1036 -242 -243 0
1036 -244 -245 0
1036 -244 -246 0
1036 -245 -246 0
1036 -247 -248 0
1036 -247 -249 0
1036 -248 -249 0
1036 -250 -251 0
1036 -250 -252 0
1036 -251 -252 0
1036 -253 -254 0
1036 -253 -255 0
1036 -254 -255 0
1036 -256 -257 0
1036 -256 -258 0
1036 -257 -258 0
1036 -259 -260 0
1036 -259 -261 0
1036 -260 -261 0
1036 -262 -263 0
1036 -262 -264 0
1036 -263 -264 0
1036 -265 -266 0
1036 -265 -267 0
1036 -266 -267 0
1036 -268 -269 0
1036 -268 -270 0
1036 -269 -270 0
1036 -271 -272 0
1036 -271 -273 0
1036 -272 -273 0
1036 -274 -275 0
1036 -274 -276 0
1036 -275 -276 0
1036 -277 -278 0
1036 -277 -279 0
1036 -278 -279 0
1036 -280 -281 0
1036 -280 -282 0
1036 -281 -282 0
1036 -283 -284 0
1036 -283 -285 0
1036 -284 -285 0
1036 -286 -287 0
1036 -286 -288 0
1036 -287 -288 0
1036 -289 -290 0
1036 -289 -291 0
1036 -290 -291 0
1036 -292 -293 0
1036 -292 -294 0
1036 -293 -294 0
1036 -295 -296 0
1036 -295 -297 0
1036 -296 -297 0
1036 -298 -299 0
1036 -298 -300 0
1036 -299 -300 0
1036 -301 -302 0
1036 -301 -303 0
1036 -302 -303 0
1036 -304 -305 0
1036 -304 -306 0
1036 -305 -306 0
1036 -307 -308 0
1036 -307 -309 0
1036 -308 -309 0
1036 -310 -311 0
1036 -310 -312 0
1036 -311 -312 0
1036 -313 -314 0
1036 -313 -315 0
1036 -314 -315 0
1036 -316 -317 0
1036 -316 -318 0
1036 -317 -318 0
1036 -319 -320 0
1036 -319 -321 0
1036 -320 -321 0
1036 -322 -323 0
1036 -322 -324 0
1036 -323 -324 0
1036 -325 -326 0
1036 -325 -327 0
1036 -326 -327 0
1036 -328 -329 0
1036 -328 -330 0
1036 -329 -330 0
1036 -331 -332 0
1036 -331 -333 0
1036 -332 -333 0
1036 -334 -335 0
1036 -334 -336 0
1036 -335 -336 0
1036 -337 -338 0
1036 -337 -339 0
1036 -338 -339 0
1036 -340 -341 0
1036 -340 -342 0
1036 -341 -342 0
1036 -343 -344 0
1036 -343 -345 0
1036 -344 -345 0
1036 -346 -347 0
1036 -346 -348 0
1036 -347 -348 0
1036 -349 -350 0
1036 -349 -351 0
1036 -350 -351 0
1036 -352 -353 0
1036 -352 -354 0
1036 -353 -354 0
1036 -355 -356 0
1036 -355 -357 0
1036 -356 -357 0
1036 -358 -359 0
1036 -358 -360 0
1036 -359 -360 0
1036 -361 -362 0
1036 -361 -363 0
1036 -362 -363 0
1036 -364 -365 0
1036 -364 -366 0
1036 -365 -366 0
1036 -367 -368 0
1036 -367 -369 0
1036 -368 -369 0
1036 -370 -371 0
1036 -370 -372 0
1036 -371 -372 0
1036 -373 -374 0
1036 -373 -375 0
1036 -374 -375 0
1036 -376 -377 0
1036 -376 -378 0
1036 -377 -378 0
1036 -379 -380 0
1036 -379 -381 0
1036 -380 -381 0
1036 -382 -383 0
1036 -382 -384 0
1036 -383 -384 0
1036 -385 -386 0
1036 -385 -387 0
1036 -386 -387 0
1036 -388 -389 0
1036 -388 -390 0
1036 -389 -390 0
1036 -391 -392 0
1036 -391 -393 0
1036 -392 -393 0
1036 -394 -395 0
1036 -394 -396 0
1036 -395 -396 0
1036 -397 -398 0
1036 -397 -399 0
1036 -398 -399 0
1036 -400 -401 0
1036 -400 -402 0
1036 -401 -402 0
1036 -403 -404 0
1036 -403 -405 0
1036 -404 -405 0
1036 -406 -407 0
1036 -406 -408 0
1036 -407 -408 0
1036 -409 -410 0
1036 -409 -411 0
1036 -410 -411 0
1036 -412 -413 0
1036 -412 -414 0
1036 -413 -414 0
1036 -415 -416 0
1036 -415 -417 0
1036 -416 -417 0
1036 -418 -419 0
1036 -418 -420 0
1036 -419 -420 0
1036 -421 -422 0
1036 -421 -423 0
1036 -422 -423 0
1036 -424 -425 0
1036 -424 -426 0
1036 -425 -426 0
1036 -427 -428 0
1036 -427 -429 0
1036 -428 -429 0
1036 -430 -431 0
1036 -430 -432 0
1036 -431 -432 0
1036 -433 -434 0
1036 -433 -435 0
1036 -434 -435 0
1036 -436 -437 0
1036 -436 -438 0
1036 -437 -438 0
1036 -439 -440 0
1036 -439 -441 0
1036 -440 -441 0
1036 -442 -443 0
1036 -442 -444 0
1036 -443 -444 0
1036 -445 -446 0
1036 -445 -447 0
1036 -446 -447 0
1036 -448 -449 0
1036 -448 -450 0
1036 -449 -450 0
1036 -451 -452 0
1036 -451 -453 0
1036 -452 -453 0
1036 -454 -455 0
1036 -454 -456 0
1036 -455 -456 0
1036 -457 -458 0
1036 -457 -459 0
1036 -458 -459 0
1036 -460 -461 0
1036 -460 -462 0
1036 -461 -462 0
1036 -463 -464 0
1036 -463 -465 0
1036 -464 -465 0
1036 -466 -467 0
1036 -466 -468 0
1036 -467 -468 0
1036 -469 -470 0
1036 -469 -471 0
1036 -470 -471 0
1036 -472 -473 0
1036 -472 -474 0
1036 -473 -474 0
1036 -475 -476 0
1036 -475 -477 0
1036 -476 -477 0
1036 -478 -479 0
1036 -478 -480 0
1036 -479 -480 0
1036 -481 -482 0
1036 -481 -483 0
1036 -482 -483 0
1036 -484 -485 0
1036 -484 -486 0
1036 -485 -486 0
1036 -487 -488 0
1036 -487 -489 0
1036 -488 -489 0
1036 -490 -491 0
1036 -490 -492 0
1036 -491 -492 0
1036 -493 -494 0
1036 -493 -495 0
1036 -494 -495 0
1036 -496 -497 0
1036 -496 -498 0
1036 -497 -498 0
1036 -499 -500 0
1036 -499 -501 0
1036 -500 -501 0
1036 -502 -503 0
1036 -502 -504 0
1036 -503 -504 0
1036 -505 -506 0
1036 -505 -507 0
1036 -506 -507 0
1036 -508 -509 0
1036 -508 -510 0
1036 -509 -510 0
1036 -511 -512 0
1036 -511 -513 0
1036 -512 -513 0
1036 -514 -515 0
1036 -514 -516 0
1036 -515 -516 0
1036 -517 -518 0
1036 -517 -519 0
1036 -518 -519 0
1036 -520 -521 0
1036 -520 -522 0
1036 -521 -522 0
1036 -523 -524 0
1036 -523 -525 0
1036 -524 -525 0
1036 -526 -527 0
1036 -526 -528 0
1036 -527 -528 0
1036 -529 -530 0
1036 -529 -531 0
1036 -530 -531 0
1036 -532 -533 0
1036 -532 -534 0
1036 -533 -534 0
1036 -535 -536 0
1036 -535 -537 0
1036 -536 -537 0
1036 -538 -539 0
1036 -538 -540 0
1036 -539 -540 0
1036 -541 -542 0
1036 -541 -543 0
1036 -542 -543 0
1036 -544 -545 0
1036 -544 -546 0
1036 -545 -546 0
1036 -547 -548 0
1036 -547 -549 0
1036 -548 -549 0
1036 -550 -551 0
1036 -550 -552 0
1036 -551 -552 0
1036 -553 -554 0
1036 -553 -555 0
1036 -554 -555 0
1036 -556 -557 0
1036 -556 -558 0
1036 -557 -558 0
1036 -559 -560 0
1036 -559 -561 0
1036 -560 -561 0
1036 -562 -563 0
1036 -562 -564 0
1036 -563 -564 0
1036 -565 -566 0
1036 -565 -567 0
1036 -566 -567 0
1036 -568 -569 0
1036 -568 -570 0
1036 -569 -570 0
1036 -571 -572 0
1036 -571 -573 0
1036 -572 -573 0
1036 -574 -575 0
1036 -574 -576 0
1036 -575 -576 0
1036 -577 -578 0
1036 -577 -579 0
1036 -578 -579 0
1036 -580 -581 0
1036 -580 -582 0
1036 -581 -582 0
1036 -583 -584 0
1036 -583 -585 0
1036 -584 -585 0
1036 -586 -587 0
1036 -586 -588 0
1036 -587 -588 0
1036 -589 -590 0
1036 -589 -591 0
1036 -590 -591 0
1036 -592 -593 0
1036 -592 -594 0
1036 -593 -594 0
1036 -595 -596 0
1036 -595 -597 0
1036 -596 -597 0
1036 -598 -599 0
1036 -598 -600 0
1036 -599 -600 0
1036 -601 -602 0
1036 -601 -603 0
1036 -602 -603 0
1036 -604 -605 0
1036 -604 -606 0
1036 -605 -606 0
1036 -607 -608 0
1036 -607 -609 0
1036 -608 -609 0
1036 -610 -611 0
1036 -610 -612 0
1036 -611 -612 0
1036 -613 -614 0
1036 -613 -615 0
1036 -614 -615 0
1036 -616 -617 0
1036 -616 -618 0
1036 -617 -618 0
1036 -619 -620 0
1036 -619 -621 0
1036 -620 -621 0
1036 -622 -623 0
1036 -622 -624 0
1036 -623 -624 0
1036 -625 -626 0
1036 -625 -627 0
1036 -626 -627 0
1036 -628 -629 0
1036 -628 -630 0
1036 -629 -630 0
1036 -631 -632 0
1036 -631 -633 0
1036 -632 -633 0
1036 -634 -635 0
1036 -634 -636 0
1036 -635 -636 0
1036 -637 -638 0
1036 -637 -639 0
1036 -638 -639 0
1036 -640 -641 0
1036 -640 -642 0
1036 -641 -642 0
1036 -643 -644 0
1036 -643 -645 0
1036 -644 -645 0
1036 -646 -647 0
1036 -646 -648 0
1036 -647 -648 0
1036 -649 -650 0
1036 -649 -651 0
1036 -650 -651 0
1036 -652 -653 0
1036 -652 -654 0
1036 -653 -654 0
1036 -655 -656 0
1036 -655 -657 0
1036 -656 -657 0
1036 -658 -659 0
1036 -658 -660 0
1036 -659 -660 0
1036 -661 -662 0
1036 -661 -663 0
1036 -662 -663 0
1036 -664 -665 0
1036 -664 -666 0
1036 -665 -666 0
1036 -667 -668 0
1036 -667 -669 0
1036 -668 -669 0
1036 -670 -671 0
1036 -670 -672 0
1036 -671 -672 0
1036 -673 -674 0
1036 -673 -675 0
1036 -674 -675 0
1036 -676 -677 0
1036 -676 -678 0
1036 -677 -678 0
1036 -679 -680 0
1036 -679 -681 0
1036 -680 -681 0
1036 -682 -683 0
1036 -682 -684 0
1036 -683 -684 0
1036 -685 -686 0
1036 -685 -687 0
1036 -686 -687 0
1036 -688 -689 0
1036 -688 -690 0
1036 -689 -690 0
1036 -691 -692 0
1036 -691 -693 0
1036 -692 -693 0
1036 -694 -695 0
1036 -694 -696 0
1036 -695 -696 0
1036 -697 -698 0
1036 -697 -699 0
1036 -698 -699 0
1036 -700 -701 0
1036 -700 -702 0
1036 -701 -702 0
1036 -703 -704 0
1036 -703 -705 0
1036 -704 -705 0
1036 -706 -707 0
1036 -706 -708 0
1036 -707 -708 0
1036 -709 -710 0
1036 -709 -711 0
1036 -710 -711 0
1036 -712 -713 0
1036 -712 -714 0
1036 -713 -714 0
1036 -715 -716 0
1036 -715 -717 0
1036 -716 -717 0
1036 -718 -719 0
1036 -718 -720 0
1036 -719 -720 0
1036 -721 -722 0
1036 -721 -723 0
1036 -722 -723 0
1036 -724 -725 0
1036 -724 -726 0
1036 -725 -726 0
1036 -727 -728 0
1036 -727 -729 0
1036 -728 -729 0
1036 -730 -731 0
1036 -730 -732 0
1036 -731 -732 0
1036 -733 -734 0
1036 -733 -735 0
1036 -734 -735 0
1036 -736 -737 0
1036 -736 -738 0
1036 -737 -738 0
1036 -739 -740 0
1036 -739 -741 0
1036 -740 -741 0
1036 -742 -743 0
1036 -742 -744 0
1036 -743 -744 0
1036 -745 -746 0
1036 -745 -747 0
1036 -746 -747 0
1036 -748 -749 0
1036 -748 -750 0
1036 -749 -750 0
1036 -751 -752 0
1036 -751 -753 0
1036 -752 -753 0
1036 -754 -755 0
1036 -754 -756 0
1036 -755 -756 0
1036 -757 -758 0
1036 -757 -759 0
1036 -758 -759 0
1036 -760 -761 0
1036 -760 -762 0
1036 -761 -762 0
1036 -763 -764 0
1036 -763 -765 0
1036 -764 -765 0
1036 -766 -767 0
1036 -766 -768 0
1036 -767 -768 0
1036 -769 -770 0
1036 -769 -771 0
1036 -770 -771 0
1036 -772 -773 0
1036 -772 -774 0
1036 -773 -774 0
1036 -775 -776 0
1036 -775 -777 0
1036 -776 -777 0
1036 -778 -779 0
1036 -778 -780 0
1036 -779 -780 0
1036 -781 -782 0
1036 -781 -783 0
1036 -782 -783 0
1036 -784 -785 0
1036 -784 -786 0
1036 -785 -786 0
1036 -787 -788 0
1036 -787 -789 0
1036 -788 -789 0
1036 -790 -791 0
1036 -790 -792 0
1036 -791 -792 0
1036 -793 -794 0
1036 -793 -795 0
1036 -794 -795 0
1036 -796 -797 0
1036 -796 -798 0
1036 -797 -798 0
1036 -799 -800 0
1036 -799 -801 0
1036 -800 -801 0
1036 -802 -803 0
1036 -802 -804 0
1036 -803 -804 0
1036 -805 -806 0
1036 -805 -807 0
1036 -806 -807 0
1036 -808 -809 0
1036 -808 -810 0
1036 -809 -810 0
1036 -811 -812 0
1036 -811 -813 0
1036 -812 -813 0
1036 -814 -815 0
1036 -814 -816 0
1036 -815 -816 0
1036 -817 -818 0
1036 -817 -819 0
1036 -818 -819 0
1036 -820 -821 0
1036 -820 -822 0
1036 -821 -822 0
1036 -823 -824 0
1036 -823 -825 0
1036 -824 -825 0
1036 -826 -827 0
1036 -826 -828 0
1036 -827 -828 0
1036 -829 -830 0
1036 -829 -831 0
1036 -830 -831 0
1036 -832 -833 0
1036 -832 -834 0
1036 -833 -834 0
1036 -835 -836 0
1036 -835 -837 0
1036 -836 -837 0
1036 -838 -839 0
1036 -838 -840 0
1036 -839 -840 0
1036 -841 -842 0
1036 -841 -843 0
1036 -842 -843 0
1036 -844 -845 0
1036 -844 -846 0
1036 -845 -846 0
1036 -847 -848 0
1036 -847 -849 0
1036 -848 -849 0
1036 -850 -851 0
1036 -850 -852 0
1036 -851 -852 0
1036 -853 -854 0
1036 -853 -855 0
1036 -854 -855 0
1036 -856 -857 0
1036 -856 -858 0
1036 -857 -858 0
1036 -859 -860 0
1036 -859 -861 0
1036 -860 -861 0
1036 -862 -863 0
1036 -862 -864 0
1036 -863 -864 0
1036 -865 -866 0
1036 -865 -867 0
1036 -866 -867 0
1036 -868 -869 0
1036 -868 -870 0
1036 -869 -870 0
1036 -871 -872 0
1036 -871 -873 0
1036 -872 -873 0
1036 -874 -875 0
1036 -874 -876 0
1036 -875 -876 0
1036 -877 -878 0
1036 -877 -879 0
1036 -878 -879 0
1036 -880 -881 0
1036 -880 -882 0
1036 -881 -882 0
1036 -883 -884 0
1036 -883 -885 0
1036 -884 -885 0
1036 -886 -887 0
1036 -886 -888 0
1036 -887 -888 0
1036 -889 -890 0
1036 -889 -891 0
1036 -890 -891 0
1036 -892 -893 0
1036 -892 -894 0
1036 -893 -894 0
1036 -895 -896 0
1036 -895 -897 0
1036 -896 -897 0
1036 -898 -899 0
1036 -898 -900 0
1036 -899 -900 0
1036 -901 -902 0
1036 -901 -903 0
1036 -902 -903 0
1036 -904 -905 0
1036 -904 -906 0
1036 -905 -906 0
1036 -907 -908 0
1036 -907 -909 0
1036 -908 -909 0
1036 -910 -911 0
1036 -910 -912 0
1036 -911 -912 0
1036 -913 -914 0
1036 -913 -915 0
1036 -914 -915 0
1036 -916 -917 0
1036 -916 -918 0
1036 -917 -918 0
1036 -919 -920 0
1036 -919 -921 0
1036 -920 -921 0
1036 -922 -923 0
1036 -922 -924 0
1036 -923 -924 0
1036 -925 -926 0
1036 -925 -927 0
1036 -926 -927 0
1036 -928 -929 0
1036 -928 -930 0
1036 -929 -930 0
1036 -931 -932 0
1036 -931 -933 0
1036 -932 -933 0
1036 -934 -935 0
1036 -934 -936 0
1036 -935 -936 0
1036 -937 -938 0
1036 -937 -939 0
1036 -938 -939 0
1036 -940 -941 0
1036 -940 -942 0
1036 -941 -942 0
1036 -943 -944 0
1036 -943 -945 0
1036 -944 -945 0
1036 -946 -947 0
1036 -946 -948 0
1036 -947 -948 0
1036 -949 -950 0
1036 -949 -951 0
1036 -950 -951 0
1036 -952 -953 0
1036 -952 -954 0
1036 -953 -954 0
1036 -955 -956 0
1036 -955 -957 0
1036 -956 -957 0
1036 -958 -959 0
1036 -958 -960 0
1036 -959 -960 0
1036 -961 -962 0
1036 -961 -963 0
1036 -962 -963 0
1036 -964 -965 0
1036 -964 -966 0
1036 -965 -966 0
1036 -967 -968 0
1036 -967 -969 0
1036 -968 -969 0
1036 -970 -971 0
1036 -970 -972 0
1036 -971 -972 0
1036 -973 -974 0
1036 -973 -975 0
1036 -974 -975 0
1036 -976 -977 0
1036 -976 -978 0
1036 -977 -978 0
1036 -979 -980 0
1036 -979 -981 0
1036 -980 -981 0
1036 -982 -983 0
1036 -982 -984 0
1036 -983 -984 0
1036 -985 -986 0
1036 -985 -987 0
1036 -986 -987 0
1036 -988 -989 0
1036 -988 -990 0
1036 -989 -990 0
1036 -991 -992 0
1036 -991 -993 0
1036 -992 -993 0
1036 -994 -995 0
1036 -994 -996 0
1036 -995 -996 0
1036 -997 -998 0
1036 -997 -999 0
1036 -998 -999 0
1036 -1000 -1001 0
1036 -1000 -1002 0
1036 -1001 -1002 0
1036 -1003 -1004 0
1036 -1003 -1005 0
1036 -1004 -1005 0
1036 -1006 -1007 0
1036 -1006 -1008 0
1036 -1007 -1008 0
1036 -1009 -1010 0
1036 -1009 -1011 0
1036 -1010 -1011 0
1036 -1012 -1013 0
1036 -1012 -1014 0
1036 -1013 -1014 0
1036 -1015 -1016 0
1036 -1015 -1017 0
1036 -1016 -1017 0
1036 -1018 -1019 0
1036 -1018 -1020 0
1036 -1019 -1020 0
1036 -1021 -1022 0
1036 -1021 -1023 0
1036 -1022 -1023 0
1036 -1024 -1025 0
1036 -1024 -1026 0
1036 -1025 -1026 0
1036 -1027 -1028 0
1036 -1027 -1029 0
1036 -1028 -1029 0
1036 -1030 -1031 0
1036 -1030 -1032 0
1036 -1031 -1032 0
1036 -1033 -1034 0
1036 -1033 -1035 0
1036 -1034 -1035 0
1 1 0
1 2 0
1 3 0
1 4 0
1 5 0
1 6 0
1 7 0
1 8 0
1 9 0
1 10 0
1 11 0
1 12 0
1 13 0
1 14 0
1 15 0
1 16 0
1 17 0
1 18 0
1 19 0
1 20 0
1 21 0
1 22 0
1 23 0
1 24 0
1 25 0
1 26 0
1 27 0
1 28 0
1 29 0
1 30 0
1 31 0
1 32 0
1 33 0
1 34 0
1 35 0
1 36 0
1 37 0
1 38 0
1 39 0
1 40 0
1 41 0
1 42 0
1 43 0
1 44 0
1 45 0
1 46 0
1 47 0
1 48 0
1 49 0
1 50 0
1 51 0
1 52 0
1 53 0
1 54 0
1 55 0
1 56 0
1 57 0
1 58 0
1 59 0
1 60 0
1 61 0
1 62 0
1 63 0
1 64 0
1 65 0
1 66 0
1 67 0
1 68 0
1 69 0
1 70 0
1 71 0
1 72 0
1 73 0
1 74 0
1 75 0
1 76 0
1 77 0
1 78 0
1 79 0
1 80 0
1 81 0
1 82 0
1 83 0
1 84 0
1 85 0
1 86 0
1 87 0
1 88 0
1 89 0
1 90 0
1 91 0
1 92 0
1 93 0
1 94 0
1 95 0
1 96 0
1 97 0
1 98 0
1 99 0
1 100 0
1 101 0
1 102 0
1 103 0
1 104 0
1 105 0
1 106 0
1 107 0
1 108 0
1 109 0
1 110 0
1 111 0
1 112 0
1 113 0
1 114 0
1 115 0
1 116 0
1 117 0
1 118 0
1 119 0
1 120 0
1 121 0
1 122 0
1 123 0
1 124 0
1 125 0
1 126 0
1 127 0
1 128 0
1 129 0
1 130 0
1 131 0
1 132 0
1 133 0
1 134 0
1 135 0
1 136 0
1 137 0
1 138 0
1 139 0
1 140 0
1 141 0
1 142 0
1 143 0
1 144 0
1 145 0
1 146 0
1 147 0
1 148 0
1 149 0
1 150 0
1 151 0
1 152 0
1 153 0
1 154 0
1 155 0
1 156 0
1 157 0
1 158 0
1 159 0
1 160 0
1 161 0
1 162 0
1 163 0
1 164 0
1 165 0
1 166 0
1 167 0
1 168 0
1 169 0
1 170 0
1 171 0
1 172 0
1 173 0
1 174 0
1 175 0
1 176 0
1 177 0
1 178 0
1 179 0
1 180 0
1 181 0
1 182 0
1 183 0
1 184 0
1 185 0
1 186 0
1 187 0
1 188 0
1 189 0
1 190 0
1 191 0
1 192 0
1 193 0
1 194 0
1 195 0
1 196 0
1 197 0
1 198 0
1 199 0
1 200 0
1 201 0
1 202 0
1 203 0
1 204 0
1 205 0
1 206 0
1 207 0
1 208 0
1 209 0
1 210 0
1 211 0
1 212 0
1 213 0
1 214 0
1 215 0
1 216 0
1 217 0
1 218 0
1 219 0
1 220 0
1 221 0
1 222 0
1 223 0
1 224 0
1 225 0
1 226 0
1 227 0
1 228 0
1 229 0
1 230 0
1 231 0
1 232 0
1 233 0
1 234 0
1 235 0
1 236 0
1 237 0
1 238 0
1 239 0
1 240 0
1 241 0
1 242 0
1 243 0
1 244 0
1 245 0
1 246 0
1 247 0
1 248 0
1 249 0
1 250 0
1 251 0
1 252 0
1 253 0
1 254 0
1 255 0
1 256 0
1 257 0
1 258 0
1 259 0
1 260 0
1 261 0
1 262 0
1 263 0
1 264 0
1 265 0
1 266 0
1 267 0
1 268 0
1 269 0
1 270 0
1 271 0
1 272 0
1 273 0
1 274 0
1 275 0
1 276 0
1 277 0
1 278 0
1 279 0
1 280 0
1 281 0
1 282 0
1 283 0
1 284 0
1 285 0
1 286 0
1 287 0
1 288 0
1 289 0
1 290 0
1 291 0
1 292 0
1 293 0
1 294 0
1 295 0
1 296 0
1 297 0
1 298 0
1 299 0
1 300 0
1 301 0
1 302 0
1 303 0
1 304 0
1 305 0
1 306 0
1 307 0
1 308 0
1 309 0
1 310 0
1 311 0
1 312 0
1 313 0
1 314 0
1 315 0
1 316 0
1 317 0
1 318 0
1 319 0
1 320 0
1 321 0
1 322 0
1 323 0
1 324 0
1 325 0
1 326 0
1 327 0
1 328 0
1 329 0
1 330 0
1 331 0
1 332 0
1 333 0
1 334 0
1 335 0
1 336 0
1 337 0
1 338 0
1 339 0
1 340 0
1 341 0
1 342 0
1 343 0
1 344 0
1 345 0
1 346 0
1 347 0
1 348 0
1 349 0
1 350 0
1 351 0
1 352 0
1 353 0
1 354 0
1 355 0
1 356 0
1 357 0
1 358 0
1 359 0
1 360 0
1 361 0
1 362 0
1 363 0
1 364 0
1 365 0
1 366 0
1 367 0
1 368 0
1 369 0
1 370 0
1 371 0
1 372 0
1 373 0
1 374 0
1 375 0
1 376 0
1 377 0
1 378 0
1 379 0
1 380 0
1 381 0
1 382 0
1 383 0
1 384 0
1 385 0
1 386 0
1 387 0
1 388 0
1 389 0
1 390 0
1 391 0
1 392 0
1 393 0
1 394 0
1 395 0
1 396 0
1 397 0
1 398 0
1 399 0
1 400 0
1 401 0
1 402 0
1 403 0
1 404 0
1 405 0
1 406 0
1 407 0
1 408 0
1 409 0
1 410 0
1 411 0
1 412 0
1 413 0
1 414 0
1 415 0
1 416 0
1 417 0
1 418 0
1 419 0
1 420 0
1 421 0
1 422 0
1 423 0
1 424 0
1 425 0
1 426 0
1 427 0
1 428 0
1 429 0
1 430 0
1 431 0
1 432 0
1 433 0
1 434 0
1 435 0
1 436 0
1 437 0
1 438 0
1 439 0
1 440 0
1 441 0
1 442 0
1 443 0
1 444 0
1 445 0
1 446 0
1 447 0
1 448 0
1 449 0
1 450 0
1 451 0
1 452 0
1 453 0
1 454 0
1 455 0
1 456 0
1 457 0
1 458 0
1 459 0
1 460 0
1 461 0
1 462 0
1 463 0
1 464 0
1 465 0
1 466 0
1 467 0
1 468 0
1 469 0
1 470 0
1 471 0
1 472 0
1 473 0
1 474 0
1 475 0
1 476 0
1 477 0
1 478 0
1 479 0
1 480 0
1 481 0
1 482 0
1 483 0
1 484 0
1 485 0
1 486 0
1 487 0
1 488 0
1 489 0
1 490 0
1 491 0
1 492 0
1 493 0
1 494 0
1 495 0
1 496 0
1 497 0
1 498 0
1 499 0
1 500 0
1 501 0
1 502 0
1 503 0
1 504 0
1 505 0
1 506 0
1 507 0
1 508 0
1 509 0
1 510 0
1 511 0
1 512 0
1 513 0
1 514 0
1 515 0
1 516 0
1 517 0
1 518 0
1 519 0
1 520 0
1 521 0
1 522 0
1 523 0
1 524 0
1 525 0
1 526 0
1 527 0
1 528 0
1 529 0
1 530 0
1 531 0
1 532 0
1 533 0
1 534 0
1 535 0
1 536 0
1 537 0
1 538 0
1 539 0
1 540 0
1 541 0
1 542 0
1 543 0
1 544 0
1 545 0
1 546 0
1 547 0
1 548 0
1 549 0
1 550 0
1 551 0
1 552 0
1 553 0
1 554 0
1 555 0
1 556 0
1 557 0
1 558 0
1 559 0
1 560 0
1 561 0
1 562 0
1 563 0
1 564 0
1 565 0
1 566 0
1 567 0
1 568 0
1 569 0
1 570 0
1 571 0
1 572 0
1 573 0
1 574 0
1 575 0
1 576 0
1 577 0
1 578 0
1 579 0
1 580 0
1 581 0
1 582 0
1 583 0
1 584 0
1 585 0
1 586 0
1 587 0
1 588 0
1 589 0
1 590 0
1 591 0
1 592 0
1 593 0
1 594 0
1 595 0
1 596 0
1 597 0
1 598 0
1 599 0
1 600 0
1 601 0
1 602 0
1 603 0
1 604 0
1 605 0
1 606 0
1 607 0
1 608 0
1 609 0
1 610 0
1 611 0
1 612 0
1 613 0
1 614 0
1 615 0
1 616 0
1 617 0
1 618 0
1 619 0
1 620 0
1 621 0
1 622 0
1 623 0
1 624 0
1 625 0
1 626 0
1 627 0
1 628 0
1 629 0
1 630 0
1 631 0
1 632 0
1 633 0
1 634 0
1 635 0
1 636 0
1 637 0
1 638 0
1 639 0
1 640 0
1 641 0
1 642 0
1 643 0
1 644 0
1 645 0
1 646 0
1 647 0
1 648 0
1 649 0
1 650 0
1 651 0
1 652 0
1 653 0
1 654 0
1 655 0
1 656 0
1 657 0
1 658 0
1 659 0
1 660 0
1 661 0
1 662 0
1 663 0
1 664 0
1 665 0
1 666 0
1 667 0
1 668 0
1 669 0
1 670 0
1 671 0
1 672 0
1 673 0
1 674 0
1 675 0
1 676 0
1 677 0
1 678 0
1 679 0
1 680 0
1 681 0
1 682 0
1 683 0
1 684 0
1 685 0
1 686 0
1 687 0
1 688 0
1 689 0
1 690 0
1 691 0
1 692 0
1 693 0
1 694 0
1 695 0
1 696 0
1 697 0
1 698 0
1 699 0
1 700 0
1 701 0
1 702 0
1 703 0
1 704 0
1 705 0
1 706 0
1 707 0
1 708 0
1 709 0
1 710 0
1 711 0
1 712 0
1 713 0
1 714 0
1 715 0
1 716 0
1 717 0
1 718 0
1 719 0
1 720 0
1 721 0
1 722 0
1 723 0
1 724 0
1 725 0
1 726 0
1 727 0
1 728 0
1 729 0
1 730 0
1 731 0
1 732 0
1 733 0
1 734 0
1 735 0
1 736 0
1 737 0
1 738 0
1 739 0
1 740 0
1 741 0
1 742 0
1 743 0
1 744 0
1 745 0
1 746 0
1 747 0
1 748 0
1 749 0
1 750 0
1 751 0
1 752 0
1 753 0
1 754 0
1 755 0
1 756 0
1 757 0
1 758 0
1 759 0
1 760 0
1 761 0
1 762 0
1 763 0
1 764 0
1 765 0
1 766 0
1 767 0
1 768 0
1 769 0
1 770 0
1 771 0
1 772 0
1 773 0
1 774 0
1 775 0
1 776 0
1 777 0
1 778 0
1 779 0
1 780 0
1 781 0
1 782 0
1 783 0
1 784 0
1 785 0
1 786 0
1 787 0
1 788 0
1 789 0
1 790 0
1 791 0
1 792 0
1 793 0
1 794 0
1 795 0
1 796 0
1 797 0
1 798 0
1 799 0
1 800 0
1 801 0
1 802 0
1 803 0
1 804 0
1 805 0
1 806 0
1 807 0
1 808 0
1 809 0
1 810 0
1 811 0
1 812 0
1 813 0
1 814 0
1 815 0
1 816 0
1 817 0
1 818 0
1 819 0
1 820 0
1 821 0
1 822 0
1 823 0
1 824 0
1 825 0
1 826 0
1 827 0
1 828 0
1 829 0
1 830 0
1 831 0
1 832 0
1 833 0
1 834 0
1 835 0
1 836 0
1 837 0
1 838 0
1 839 0
1 840 0
1 841 0
1 842 0
1 843 0
1 844 0
1 845 0
1 846 0
1 847 0
1 848 0
1 849 0
1 850 0
1 851 0
1 852 0
1 853 0
1 854 0
1 855 0
1 856 0
1 857 0
1 858 0
1 859 0
1 860 0
1 861 0
1 862 0
1 863 0
1 864 0
1 865 0
1 866 0
1 867 0
1 868 0
1 869 0
1 870 0
1 871 0
1 872 0
1 873 0
1 874 0
1 875 0
1 876 0
1 877 0
1 878 0
1 879 0
1 880 0
1 881 0
1 882 0
1 883 0
1 884 0
1 885 0
1 886 0
1 887 0
1 888 0
1 889 0
1 890 0
1 891 0
1 892 0
1 893 0
1 894 0
1 895 0
1 896 0
1 897 0
1 898 0
1 899 0
1 900 0
1 901 0
1 902 0
1 903 0
1 904 0
1 905 0
1 906 0
1 907 0
1 908 0
1 909 0
1 910 0
1 911 0
1 912 0
1 913 0
1 914 0
1 915 0
1 916 0
1 917 0
1 918 0
1 919 0
1 920 0
1 921 0
1 922 0
1 923 0
1 924 0
1 925 0
1 926 0
1 927 0
1 928 0
1 929 0
1 930 0
1 931 0
1 932 0
1 933 0
1 934 0
1 935 0
1 936 0
1 937 0
1 938 0
1 939 0
1 940 0
1 941 0
1 942 0
1 943 0
1 944 0
1 945 0
1 946 0
1 947 0
1 948 0
1 949 0
1 950 0
1 951 0
1 952 0
1 953 0
1 954 0
1 955 0
1 956 0
1 957 0
1 958 0
1 959 0
1 960 0
1 961 0
1 962 0
1 963 0
1 964 0
1 965 0
1 966 0
1 967 0
1 968 0
1 969 0
1 970 0
1 971 0
1 972 0
1 973 0
1 974 0
1 975 0
1 976 0
1 977 0
1 978 0
1 979 0
1 980 0
1 981 0
1 982 0
1 983 0
1 984 0
1 985 0
1 986 0
1 987 0
1 988 0
1 989 0
1 990 0
1 991 0
1 992 0
1 993 0
1 994 0
1 995 0
1 996 0
1 997 0
1 998 0
1 999 0
1 1000 0
1 1001 0
1 1002 0
1 1003 0
1 1004 0
1 1005 0
1 1006 0
1 1007 0
1 1008 0
1 1009 0
1 1010 0
1 1011 0
1 1012 0
1 1013 0
1 1014 0
1 1015 0
1 1016 0
1 1017 0
1 1018 0
1 1019 0
1 1020 0
1 1021 0
1 1022 0
1 1023 0
1 1024 0
1 1025 0
1 1026 0
1 1027 0
1 1028 0
1 1029 0
1 1030 0
1 1031 0
1 1032 0
1 1033 0
1 1034 0
1 1035 0
