c CNF
p wcnf 378 1080 379
379 -1 -28 0
379 -1 -37 0
379 -1 -40 0
379 -1 -55 0
379 -1 -136 0
379 -1 -145 0
379 -1 -148 0
379 -1 -163 0
379 -1 -172 0
379 -1 -181 0
379 -1 -184 0
379 -1 -199 0
379 -1 -352 0
379 -2 -29 0
379 -2 -43 0
379 -2 -46 0
379 -2 -58 0
379 -2 -151 0
379 -2 -154 0
379 -2 -166 0
379 -2 -187 0
379 -2 -190 0
379 -2 -202 0
379 -2 -208 0
379 -2 -244 0
379 -2 -355 0
379 -3 -30 0
379 -3 -49 0
379 -3 -52 0
379 -3 -61 0
379 -3 -157 0
379 -3 -160 0
379 -3 -169 0
379 -3 -193 0
379 -3 -196 0
379 -3 -205 0
379 -3 -280 0
379 -3 -316 0
379 -3 -358 0
379 -4 -31 0
379 -4 -44 0
379 -4 -50 0
379 -4 -56 0
379 -4 -139 0
379 -4 -175 0
379 -4 -223 0
379 -4 -229 0
379 -4 -235 0
379 -4 -259 0
379 -4 -265 0
379 -4 -271 0
379 -4 -361 0
379 -5 -32 0
379 -5 -38 0
379 -5 -53 0
379 -5 -59 0
379 -5 -211 0
379 -5 -217 0
379 -5 -232 0
379 -5 -238 0
379 -5 -247 0
379 -5 -253 0
379 -5 -268 0
379 -5 -274 0
379 -5 -364 0
379 -6 -33 0
379 -6 -41 0
379 -6 -47 0
379 -6 -62 0
379 -6 -220 0
379 -6 -226 0
379 -6 -241 0
379 -6 -256 0
379 -6 -262 0
379 -6 -277 0
379 -6 -283 0
379 -6 -319 0
379 -6 -367 0
379 -7 -34 0
379 -7 -48 0
379 -7 -54 0
379 -7 -57 0
379 -7 -142 0
379 -7 -178 0
379 -7 -298 0
379 -7 -304 0
379 -7 -307 0
379 -7 -334 0
379 -7 -340 0
379 -7 -343 0
379 -7 -370 0
379 -8 -35 0
379 -8 -42 0
379 -8 -51 0
379 -8 -60 0
379 -8 -214 0
379 -8 -250 0
379 -8 -292 0
379 -8 -301 0
379 -8 -310 0
379 -8 -328 0
379 -8 -337 0
379 -8 -346 0
379 -8 -373 0
379 -9 -36 0
379 -9 -39 0
379 -9 -45 0
379 -9 -63 0
379 -9 -286 0
379 -9 -289 0
379 -9 -295 0
379 -9 -313 0
379 -9 -322 0
379 -9 -325 0
379 -9 -331 0
379 -9 -349 0
379 -9 -376 0
379 -10 -64 0
379 -10 -73 0
379 -10 -76 0
379 -10 -91 0
379 -10 -209 0
379 -10 -218 0
379 -10 -221 0
379 -10 -236 0
379 -10 -281 0
379 -10 -290 0
379 -10 -293 0
379 -10 -308 0
379 -10 -353 0
379 -11 -65 0
379 -11 -79 0
379 -11 -82 0
379 -11 -94 0
379 -11 -137 0
379 -11 -224 0
379 -11 -227 0
379 -11 -239 0
379 -11 -296 0
379 -11 -299 0
379 -11 -311 0
379 -11 -317 0
379 -11 -356 0
379 -12 -66 0
379 -12 -85 0
379 -12 -88 0
379 -12 -97 0
379 -12 -173 0
379 -12 -230 0
379 -12 -233 0
379 -12 -242 0
379 -12 -245 0
379 -12 -302 0
379 -12 -305 0
379 -12 -314 0
379 -12 -359 0
379 -13 -67 0
379 -13 -80 0
379 -13 -86 0
379 -13 -92 0
379 -13 -152 0
379 -13 -158 0
379 -13 -164 0
379 -13 -212 0
379 -13 -284 0
379 -13 -332 0
379 -13 -338 0
379 -13 -344 0
379 -13 -362 0
379 -14 -68 0
379 -14 -74 0
379 -14 -89 0
379 -14 -95 0
379 -14 -140 0
379 -14 -146 0
379 -14 -161 0
379 -14 -167 0
379 -14 -320 0
379 -14 -326 0
379 -14 -341 0
379 -14 -347 0
379 -14 -365 0
379 -15 -69 0
379 -15 -77 0
379 -15 -83 0
379 -15 -98 0
379 -15 -149 0
379 -15 -155 0
379 -15 -170 0
379 -15 -176 0
379 -15 -248 0
379 -15 -329 0
379 -15 -335 0
379 -15 -350 0
379 -15 -368 0
379 -16 -70 0
379 -16 -84 0
379 -16 -90 0
379 -16 -93 0
379 -16 -191 0
379 -16 -197 0
379 -16 -200 0
379 -16 -215 0
379 -16 -263 0
379 -16 -269 0
379 -16 -272 0
379 -16 -287 0
379 -16 -371 0
379 -17 -71 0
379 -17 -78 0
379 -17 -87 0
379 -17 -96 0
379 -17 -143 0
379 -17 -185 0
379 -17 -194 0
379 -17 -203 0
379 -17 -257 0
379 -17 -266 0
379 -17 -275 0
379 -17 -323 0
379 -17 -374 0
379 -18 -72 0
379 -18 -75 0
379 -18 -81 0
379 -18 -99 0
379 -18 -179 0
379 -18 -182 0
379 -18 -188 0
379 -18 -206 0
379 -18 -251 0
379 -18 -254 0
379 -18 -260 0
379 -18 -278 0
379 -18 -377 0
379 -19 -100 0
379 -19 -109 0
379 -19 -112 0
379 -19 -127 0
379 -19 -246 0
379 -19 -255 0
379 -19 -258 0
379 -19 -273 0
379 -19 -318 0
379 -19 -327 0
379 -19 -330 0
379 -19 -345 0
379 -19 -354 0
379 -20 -101 0
379 -20 -115 0
379 -20 -118 0
379 -20 -130 0
379 -20 -174 0
379 -20 -261 0
379 -20 -264 0
379 -20 -276 0
379 -20 -282 0
379 -20 -333 0
379 -20 -336 0
379 -20 -348 0
379 -20 -357 0
379 -21 -102 0
379 -21 -121 0
379 -21 -124 0
379 -21 -133 0
379 -21 -138 0
379 -21 -210 0
379 -21 -267 0
379 -21 -270 0
379 -21 -279 0
379 -21 -339 0
379 -21 -342 0
379 -21 -351 0
379 -21 -360 0
379 -22 -103 0
379 -22 -116 0
379 -22 -122 0
379 -22 -128 0
379 -22 -189 0
379 -22 -195 0
379 -22 -201 0
379 -22 -249 0
379 -22 -297 0
379 -22 -303 0
379 -22 -309 0
379 -22 -321 0
379 -22 -363 0
379 -23 -104 0
379 -23 -110 0
379 -23 -125 0
379 -23 -131 0
379 -23 -177 0
379 -23 -183 0
379 -23 -198 0
379 -23 -204 0
379 -23 -285 0
379 -23 -291 0
379 -23 -306 0
379 -23 -312 0
379 -23 -366 0
379 -24 -105 0
379 -24 -113 0
379 -24 -119 0
379 -24 -134 0
379 -24 -141 0
379 -24 -186 0
379 -24 -192 0
379 -24 -207 0
379 -24 -213 0
379 -24 -294 0
379 -24 -300 0
379 -24 -315 0
379 -24 -369 0
379 -25 -106 0
379 -25 -120 0
379 -25 -126 0
379 -25 -129 0
379 -25 -156 0
379 -25 -162 0
379 -25 -165 0
379 -25 -228 0
379 -25 -234 0
379 -25 -237 0
379 -25 -252 0
379 -25 -324 0
379 -25 -372 0
379 -26 -107 0
379 -26 -114 0
379 -26 -123 0
379 -26 -132 0
379 -26 -150 0
379 -26 -159 0
379 -26 -168 0
379 -26 -180 0
379 -26 -222 0
379 -26 -231 0
379 -26 -240 0
379 -26 -288 0
379 -26 -375 0
379 -27 -108 0
379 -27 -111 0
379 -27 -117 0
379 -27 -135 0
379 -27 -144 0
379 -27 -147 0
379 -27 -153 0
379 -27 -171 0
379 -27 -216 0
379 -27 -219 0
379 -27 -225 0
379 -27 -243 0
379 -27 -378 0
379 -28 -29 0
379 -28 -30 0
379 -29 -30 0
379 -31 -32 0
379 -31 -33 0
379 -32 -33 0
379 -34 -35 0
379 -34 -36 0
379 -35 -36 0
379 -37 -38 0
379 -37 -39 0
379 -38 -39 0
379 -40 -41 0
379 -40 -42 0
379 -41 -42 0
379 -43 -44 0
379 -43 -45 0
379 -44 -45 0
379 -46 -47 0
379 -46 -48 0
379 -47 -48 0
379 -49 -50 0
379 -49 -51 0
379 -50 -51 0
379 -52 -53 0
379 -52 -54 0
379 -53 -54 0
379 -55 -56 0
379 -55 -57 0
379 -56 -57 0
379 -58 -59 0
379 -58 -60 0
379 -59 -60 0
379 -61 -62 0
379 -61 -63 0
379 -62 -63 0
379 -64 -65 0
379 -64 -66 0
379 -65 -66 0
379 -67 -68 0
379 -67 -69 0
379 -68 -69 0
379 -70 -71 0
379 -70 -72 0
379 -71 -72 0
379 -73 -74 0
379 -73 -75 0
379 -74 -75 0
379 -76 -77 0
379 -76 -78 0
379 -77 -78 0
379 -79 -80 0
379 -79 -81 0
379 -80 -81 0
379 -82 -83 0
379 -82 -84 0
379 -83 -84 0
379 -85 -86 0
379 -85 -87 0
379 -86 -87 0
379 -88 -89 0
379 -88 -90 0
379 -89 -90 0
379 -91 -92 0
379 -91 -93 0
379 -92 -93 0
379 -94 -95 0
379 -94 -96 0
379 -95 -96 0
379 -97 -98 0
379 -97 -99 0
379 -98 -99 0
379 -100 -101 0
379 -100 -102 0
379 -101 -102 0
379 -103 -104 0
379 -103 -105 0
379 -104 -105 0
379 -106 -107 0
379 -106 -108 0
379 -107 -108 0
379 -109 -110 0
379 -109 -111 0
379 -110 -111 0
379 -112 -113 0
379 -112 -114 0
379 -113 -114 0
379 -115 -116 0
379 -115 -117 0
379 -116 -117 0
379 -118 -119 0
379 -118 -120 0
379 -119 -120 0
379 -121 -122 0
379 -121 -123 0
379 -122 -123 0
379 -124 -125 0
379 -124 -126 0
379 -125 -126 0
379 -127 -128 0
379 -127 -129 0
379 -128 -129 0
379 -130 -131 0
379 -130 -132 0
379 -131 -132 0
379 -133 -134 0
379 -133 -135 0
379 -134 -135 0
379 -136 -137 0
379 -136 -138 0
379 -137 -138 0
379 -139 -140 0
379 -139 -141 0
379 -140 -141 0
379 -142 -143 0
379 -142 -144 0
379 -143 -144 0
379 -145 -146 0
379 -145 -147 0
379 -146 -147 0
379 -148 -149 0
379 -148 -150 0
379 -149 -150 0
379 -151 -152 0
379 -151 -153 0
379 -152 -153 0
379 -154 -155 0
379 -154 -156 0
379 -155 -156 0
379 -157 -158 0
379 -157 -159 0
379 -158 -159 0
379 -160 -161 0
379 -160 -162 0
379 -161 -162 0
379 -163 -164 0
379 -163 -165 0
379 -164 -165 0
379 -166 -167 0
379 -166 -168 0
379 -167 -168 0
379 -169 -170 0
379 -169 -171 0
379 -170 -171 0
379 -172 -173 0
379 -172 -174 0
379 -173 -174 0
379 -175 -176 0
379 -175 -177 0
379 -176 -177 0
379 -178 -179 0
379 -178 -180 0
379 -179 -180 0
379 -181 -182 0
379 -181 -183 0
379 -182 -183 0
379 -184 -185 0
379 -184 -186 0
379 -185 -186 0
379 -187 -188 0
379 -187 -189 0
379 -188 -189 0
379 -190 -191 0
379 -190 -192 0
379 -191 -192 0
379 -193 -194 0
379 -193 -195 0
379 -194 -195 0
379 -196 -197 0
379 -196 -198 0
379 -197 -198 0
379 -199 -200 0
379 -199 -201 0
379 -200 -201 0
379 -202 -203 0
379 -202 -204 0
379 -203 -204 0
379 -205 -206 0
379 -205 -207 0
379 -206 -207 0
379 -208 -209 0
379 -208 -210 0
379 -209 -210 0
379 -211 -212 0
379 -211 -213 0
379 -212 -213 0
379 -214 -215 0
379 -214 -216 0
379 -215 -216 0
379 -217 -218 0
379 -217 -219 0
379 -218 -219 0
379 -220 -221 0
379 -220 -222 0
379 -221 -222 0
379 -223 -224 0
379 -223 -225 0
379 -224 -225 0
379 -226 -227 0
379 -226 -228 0
379 -227 -228 0
379 -229 -230 0
379 -229 -231 0
379 -230 -231 0
379 -232 -233 0
379 -232 -234 0
379 -233 -234 0
379 -235 -236 0
379 -235 -237 0
379 -236 -237 0
379 -238 -239 0
379 -238 -240 0
379 -239 -240 0
379 -241 -242 0
379 -241 -243 0
379 -242 -243 0
379 -244 -245 0
379 -244 -246 0
379 -245 -246 0
379 -247 -248 0
379 -247 -249 0
379 -248 -249 0
379 -250 -251 0
379 -250 -252 0
379 -251 -252 0
379 -253 -254 0
379 -253 -255 0
379 -254 -255 0
379 -256 -257 0
379 -256 -258 0
379 -257 -258 0
379 -259 -260 0
379 -259 -261 0
379 -260 -261 0
379 -262 -263 0
379 -262 -264 0
379 -263 -264 0
379 -265 -266 0
379 -265 -267 0
379 -266 -267 0
379 -268 -269 0
379 -268 -270 0
379 -269 -270 0
379 -271 -272 0
379 -271 -273 0
379 -272 -273 0
379 -274 -275 0
379 -274 -276 0
379 -275 -276 0
379 -277 -278 0
379 -277 -279 0
379 -278 -279 0
379 -280 -281 0
379 -280 -282 0
379 -281 -282 0
379 -283 -284 0
379 -283 -285 0
379 -284 -285 0
379 -286 -287 0
379 -286 -288 0
379 -287 -288 0
379 -289 -290 0
379 -289 -291 0
379 -290 -291 0
379 -292 -293 0
379 -292 -294 0
379 -293 -294 0
379 -295 -296 0
379 -295 -297 0
379 -296 -297 0
379 -298 -299 0
379 -298 -300 0
379 -299 -300 0
379 -301 -302 0
379 -301 -303 0
379 -302 -303 0
379 -304 -305 0
379 -304 -306 0
379 -305 -306 0
379 -307 -308 0
379 -307 -309 0
379 -308 -309 0
379 -310 -311 0
379 -310 -312 0
379 -311 -312 0
379 -313 -314 0
379 -313 -315 0
379 -314 -315 0
379 -316 -317 0
379 -316 -318 0
379 -317 -318 0
379 -319 -320 0
379 -319 -321 0
379 -320 -321 0
379 -322 -323 0
379 -322 -324 0
379 -323 -324 0
379 -325 -326 0
379 -325 -327 0
379 -326 -327 0
379 -328 -329 0
379 -328 -330 0
379 -329 -330 0
379 -331 -332 0
379 -331 -333 0
379 -332 -333 0
379 -334 -335 0
379 -334 -336 0
379 -335 -336 0
379 -337 -338 0
379 -337 -339 0
379 -338 -339 0
379 -340 -341 0
379 -340 -342 0
379 -341 -342 0
379 -343 -344 0
379 -343 -345 0
379 -344 -345 0
379 -346 -347 0
379 -346 -348 0
379 -347 -348 0
379 -349 -350 0
379 -349 -351 0
379 -350 -351 0
379 -352 -353 0
379 -352 -354 0
379 -353 -354 0
379 -355 -356 0
379 -355 -357 0
379 -356 -357 0
379 -358 -359 0
379 -358 -360 0
379 -359 -360 0
379 -361 -362 0
379 -361 -363 0
379 -362 -363 0
379 -364 -365 0
379 -364 -366 0
379 -365 -366 0
379 -367 -368 0
379 -367 -369 0
379 -368 -369 0
379 -370 -371 0
379 -370 -372 0
379 -371 -372 0
379 -373 -374 0
379 -373 -375 0
379 -374 -375 0
379 -376 -377 0
379 -376 -378 0
379 -377 -378 0
1 1 0
1 2 0
1 3 0
1 4 0
1 5 0
1 6 0
1 7 0
1 8 0
1 9 0
1 10 0
1 11 0
1 12 0
1 13 0
1 14 0
1 15 0
1 16 0
1 17 0
1 18 0
1 19 0
1 20 0
1 21 0
1 22 0
1 23 0
1 24 0
1 25 0
1 26 0
1 27 0
1 28 0
1 29 0
1 30 0
1 31 0
1 32 0
1 33 0
1 34 0
1 35 0
1 36 0
1 37 0
1 38 0
1 39 0
1 40 0
1 41 0
1 42 0
1 43 0
1 44 0
1 45 0
1 46 0
1 47 0
1 48 0
1 49 0
1 50 0
1 51 0
1 52 0
1 53 0
1 54 0
1 55 0
1 56 0
1 57 0
1 58 0
1 59 0
1 60 0
1 61 0
1 62 0
1 63 0
1 64 0
1 65 0
1 66 0
1 67 0
1 68 0
1 69 0
1 70 0
1 71 0
1 72 0
1 73 0
1 74 0
1 75 0
1 76 0
1 77 0
1 78 0
1 79 0
1 80 0
1 81 0
1 82 0
1 83 0
1 84 0
1 85 0
1 86 0
1 87 0
1 88 0
1 89 0
1 90 0
1 91 0
1 92 0
1 93 0
1 94 0
1 95 0
1 96 0
1 97 0
1 98 0
1 99 0
1 100 0
1 101 0
1 102 0
1 103 0
1 104 0
1 105 0
1 106 0
1 107 0
1 108 0
1 109 0
1 110 0
1 111 0
1 112 0
1 113 0
1 114 0
1 115 0
1 116 0
1 117 0
1 118 0
1 119 0
1 120 0
1 121 0
1 122 0
1 123 0
1 124 0
1 125 0
1 126 0
1 127 0
1 128 0
1 129 0
1 130 0
1 131 0
1 132 0
1 133 0
1 134 0
1 135 0
1 136 0
1 137 0
1 138 0
1 139 0
1 140 0
1 141 0
1 142 0
1 143 0
1 144 0
1 145 0
1 146 0
1 147 0
1 148 0
1 149 0
1 150 0
1 151 0
1 152 0
1 153 0
1 154 0
1 155 0
1 156 0
1 157 0
1 158 0
1 159 0
1 160 0
1 161 0
1 162 0
1 163 0
1 164 0
1 165 0
1 166 0
1 167 0
1 168 0
1 169 0
1 170 0
1 171 0
1 172 0
1 173 0
1 174 0
1 175 0
1 176 0
1 177 0
1 178 0
1 179 0
1 180 0
1 181 0
1 182 0
1 183 0
1 184 0
1 185 0
1 186 0
1 187 0
1 188 0
1 189 0
1 190 0
1 191 0
1 192 0
1 193 0
1 194 0
1 195 0
1 196 0
1 197 0
1 198 0
1 199 0
1 200 0
1 201 0
1 202 0
1 203 0
1 204 0
1 205 0
1 206 0
1 207 0
1 208 0
1 209 0
1 210 0
1 211 0
1 212 0
1 213 0
1 214 0
1 215 0
1 216 0
1 217 0
1 218 0
1 219 0
1 220 0
1 221 0
1 222 0
1 223 0
1 224 0
1 225 0
1 226 0
1 227 0
1 228 0
1 229 0
1 230 0
1 231 0
1 232 0
1 233 0
1 234 0
1 235 0
1 236 0
1 237 0
1 238 0
1 239 0
1 240 0
1 241 0
1 242 0
1 243 0
1 244 0
1 245 0
1 246 0
1 247 0
1 248 0
1 249 0
1 250 0
1 251 0
1 252 0
1 253 0
1 254 0
1 255 0
1 256 0
1 257 0
1 258 0
1 259 0
1 260 0
1 261 0
1 262 0
1 263 0
1 264 0
1 265 0
1 266 0
1 267 0
1 268 0
1 269 0
1 270 0
1 271 0
1 272 0
1 273 0
1 274 0
1 275 0
1 276 0
1 277 0
1 278 0
1 279 0
1 280 0
1 281 0
1 282 0
1 283 0
1 284 0
1 285 0
1 286 0
1 287 0
1 288 0
1 289 0
1 290 0
1 291 0
1 292 0
1 293 0
1 294 0
1 295 0
1 296 0
1 297 0
1 298 0
1 299 0
1 300 0
1 301 0
1 302 0
1 303 0
1 304 0
1 305 0
1 306 0
1 307 0
1 308 0
1 309 0
1 310 0
1 311 0
1 312 0
1 313 0
1 314 0
1 315 0
1 316 0
1 317 0
1 318 0
1 319 0
1 320 0
1 321 0
1 322 0
1 323 0
1 324 0
1 325 0
1 326 0
1 327 0
1 328 0
1 329 0
1 330 0
1 331 0
1 332 0
1 333 0
1 334 0
1 335 0
1 336 0
1 337 0
1 338 0
1 339 0
1 340 0
1 341 0
1 342 0
1 343 0
1 344 0
1 345 0
1 346 0
1 347 0
1 348 0
1 349 0
1 350 0
1 351 0
1 352 0
1 353 0
1 354 0
1 355 0
1 356 0
1 357 0
1 358 0
1 359 0
1 360 0
1 361 0
1 362 0
1 363 0
1 364 0
1 365 0
1 366 0
1 367 0
1 368 0
1 369 0
1 370 0
1 371 0
1 372 0
1 373 0
1 374 0
1 375 0
1 376 0
1 377 0
1 378 0
